856559 856561
856559 856585
856559 856600
856559 856629
856559 856699
856559 856797
856559 856806
856559 856820
856559 857010
856559 857018
856559 857161
856560 856584
856560 856627
856560 856645
856560 856701
856560 856710
856560 856739
856560 856749
856560 856766
856560 856775
856560 856778
856560 856787
856560 856841
856560 856927
856560 857121
856560 857181
856560 857462
856560 857492
856560 857759
856560 858425
856560 858428
856561 856597
856561 856621
856561 856629
856561 856844
856561 856917
856561 856987
856561 857054
856561 857094
856561 857139
856561 857260
856561 857288
856561 857320
856561 857415
856561 858147
856562 856751
856562 857480
856562 857866
856562 857867
856563 856642
856563 856698
856563 856704
856563 856812
856563 856986
856563 857061
856563 857114
856563 857142
856563 857257
856563 857352
856563 858410
856564 856893
856564 857218
856567 856627
856567 856696
856567 856956
856567 857279
856567 857875
856567 858391
856570 856580
856570 856583
856570 856633
856570 856914
856570 856918
856570 857161
856570 857294
856570 857451
856570 857541
856570 857717
856571 856618
856571 856627
856571 856680
856571 856701
856571 856736
856571 856759
856571 856764
856571 856796
856571 856816
856571 856900
856571 856908
856571 856938
856571 856952
856571 857010
856571 857037
856571 857055
856571 857127
856571 857191
856571 857229
856571 857272
856571 857273
856571 857341
856571 857443
856571 857544
856571 857571
856571 857682
856571 857687
856571 857792
856571 857837
856571 858017
856571 858029
856571 858186
856571 858336
856571 858337
856572 857248
856573 856666
856573 856715
856573 856773
856573 856897
856573 856910
856573 857032
856573 857370
856573 857423
856573 857548
856573 857567
856573 857598
856573 857707
856573 857886
856574 857680
856574 857751
856575 857169
856575 858190
856577 856618
856577 856726
856577 856843
856577 857875
856577 857913
856578 856589
856578 856730
856578 857757
856578 858030
856578 858212
856579 856618
856579 856627
856579 856700
856579 856734
856579 856768
856579 856771
856579 857185
856579 857196
856579 857275
856579 857750
856579 857801
856579 857875
856579 857913
856580 856633
856580 856918
856580 857091
856580 857294
856581 856647
856581 856744
856581 856900
856581 857666
856582 857027
856582 857376
856582 857433
856583 856775
856583 856857
856583 857541
856583 857796
856584 856587
856584 856638
856584 856672
856584 856692
856584 856701
856584 856709
856584 856749
856584 856861
856584 857003
856584 857182
856584 857279
856584 857339
856584 857352
856584 857587
856584 858097
856584 858198
856585 856587
856585 856596
856585 857012
856585 857161
856585 857314
856585 857320
856585 857335
856585 857537
856585 857915
856587 856596
856587 856607
856587 856709
856587 856734
856587 856768
856587 856802
856587 857011
856587 857090
856587 857094
856587 857129
856587 857130
856587 857294
856587 857841
856587 858097
856587 858358
856589 856667
856589 856858
856589 857396
856589 857600
856590 857699
856590 858285
856591 856597
856591 856651
856591 856727
856591 857130
856591 857659
856591 857703
856591 857832
856592 856870
856594 856708
856594 856887
856594 856890
856594 856951
856594 857251
856594 857392
856594 857407
856594 857414
856594 857456
856594 857692
856594 857734
856594 857769
856594 857780
856594 857781
856594 858227
856594 858234
856594 858400
856595 856618
856595 856627
856595 856643
856595 856672
856595 856696
856595 856701
856595 856919
856595 856970
856595 857010
856595 857191
856595 857272
856595 857273
856595 857312
856595 857339
856595 857443
856595 857994
856595 858011
856595 858304
856595 858336
856595 858337
856596 856829
856596 856878
856596 857019
856596 857862
856596 858347
856597 856634
856597 856727
856597 856765
856597 856797
856597 856802
856597 856820
856597 856840
856597 856863
856597 856914
856597 857043
856597 857081
856597 857130
856597 857320
856597 857415
856597 857482
856597 857634
856597 857901
856597 857940
856597 857950
856600 856691
856600 856710
856600 857008
856600 857212
856601 857768
856602 857439
856603 858111
856604 856765
856604 856858
856604 856892
856604 857852
856604 858382
856605 856666
856605 856773
856605 857459
856605 857707
856605 858012
856605 858286
856607 856651
856607 856679
856607 856766
856607 856787
856607 857130
856607 857340
856607 857474
856607 857902
856608 857564
856608 857635
856609 856825
856609 856903
856609 857006
856609 858235
856610 857131
856612 856667
856612 856858
856612 857006
856612 857396
856612 857680
856612 858017
856615 856618
856615 856643
856615 856908
856615 856954
856615 857006
856615 857196
856617 856627
856617 856638
856617 856692
856617 857275
856617 857279
856617 857339
856617 857437
856617 857519
856618 856629
856618 856672
856618 856764
856618 856796
856618 856797
856618 856833
856618 856999
856618 857135
856618 857146
856618 857244
856618 857304
856618 857318
856618 857345
856618 857422
856618 857913
856618 857915
856620 856813
856620 857041
856620 857337
856620 857505
856620 857980
856621 856628
856621 856657
856621 856668
856621 856750
856621 856759
856621 856816
856621 856955
856621 857086
856621 857129
856621 857451
856621 857726
856621 857914
856621 858124
856622 857955
856622 858136
856622 858395
856623 856764
856623 856900
856623 857005
856623 857191
856623 858129
856623 858294
856623 858393
856624 856650
856624 856759
856624 856816
856624 856833
856624 856945
856624 856952
856624 857318
856624 857398
856624 857687
856624 857714
856624 857751
856624 858011
856624 858294
856624 858393
856624 858433
856625 856638
856625 856643
856625 856670
856625 856692
856625 856771
856625 856843
856625 856878
856625 856927
856625 857036
856625 857060
856625 857229
856625 857750
856625 857828
856626 856812
856626 857459
856626 857662
856627 856638
856627 856766
856627 856768
856627 856771
856627 856787
856627 856861
856627 857229
856627 857288
856627 857339
856627 857385
856627 857588
856627 858167
856627 858325
856628 856657
856628 857746
856628 858235
856629 856775
856629 857000
856629 857036
856629 857170
856629 857173
856629 857202
856629 857204
856629 857357
856629 857469
856630 856831
856630 857581
856630 857719
856630 858010
856630 858366
856630 858417
856633 856840
856633 856918
856633 856927
856633 857060
856633 857287
856633 857294
856633 858100
856633 858389
856633 858397
856633 858427
856633 858437
856634 857314
856634 857672
856634 857951
856634 858317
856637 856777
856637 857235
856637 857564
856637 857635
856637 858214
856638 856643
856638 856662
856638 856692
856638 856700
856638 856768
856638 856796
856638 856798
856638 856843
856638 856996
856638 857003
856638 857279
856638 857339
856638 857375
856638 857417
856638 857913
856639 857922
856639 858024
856641 857947
856643 856662
856643 856843
856643 856845
856643 857052
856643 857135
856643 857201
856643 857204
856643 857279
856643 857339
856643 857442
856643 858085
856644 856653
856644 856751
856644 857572
856644 857783
856645 856690
856645 856750
856645 856766
856645 856787
856645 856857
856645 856927
856645 857482
856645 857659
856645 857703
856645 857746
856645 858368
856647 856766
856647 856893
856647 856900
856647 856908
856647 856921
856647 857507
856647 857666
856647 857911
856647 857912
856647 858052
856647 858260
856649 856679
856649 856733
856649 857496
856649 857660
856649 857838
856650 856672
856650 856949
856650 856951
856650 857108
856650 857318
856650 858017
856650 858123
856650 858333
856651 856657
856651 856668
856651 856713
856651 856756
856651 856811
856651 856919
856651 856944
856651 857010
856651 857091
856651 857157
856651 857208
856651 857260
856651 857313
856651 857676
856651 857679
856651 858124
856652 856663
856652 857196
856652 857287
856652 858163
856652 858405
856653 856751
856653 857177
856653 857859
856653 858386
856656 857407
856656 857676
856656 857791
856657 856708
856657 856749
856657 857043
856657 857172
856657 857187
856657 857294
856657 857839
856657 857989
856657 858147
856658 856680
856658 856747
856658 857528
856658 858164
856659 856872
856659 857064
856660 856720
856660 857128
856660 857854
856660 858122
856660 858317
856661 856836
856661 857264
856661 857282
856661 858000
856662 856670
856662 856726
856662 856734
856662 856771
856662 856892
856662 857279
856662 857352
856662 857801
856662 857913
856662 858101
856662 858198
856663 856680
856663 856782
856663 856801
856663 857258
856665 856709
856665 856768
856665 856770
856665 856917
856665 856925
856665 857036
856665 857048
856665 857816
856665 857902
856665 858098
856665 858317
856666 857080
856666 857226
856666 857423
856666 857459
856666 857661
856666 857886
856667 856858
856667 856944
856667 856954
856667 857085
856667 857170
856667 857173
856667 857396
856667 857492
856667 857600
856667 857634
856667 857972
856667 858122
856668 856775
856668 856986
856668 857061
856668 857086
856668 857130
856668 857208
856668 857297
856668 857411
856668 857496
856668 857513
856668 857518
856668 857526
856668 857638
856668 857671
856668 858218
856668 858396
856669 857223
856670 856696
856670 856843
856670 856878
856670 856942
856670 857048
856670 857841
856670 858221
856671 857081
856671 857167
856671 857341
856671 858218
856672 856701
856672 856764
856672 856951
856672 856952
856672 857003
856672 857010
856672 857115
856672 857193
856672 857587
856672 857659
856672 858011
856673 857867
856673 857880
856674 856886
856674 857630
856678 856890
856678 856955
856678 857036
856678 857285
856678 857302
856678 857725
856679 856693
856679 856733
856679 856788
856679 856820
856679 856940
856679 857251
856679 857294
856679 857496
856679 858210
856680 856754
856680 856828
856680 856952
856680 857078
856680 857341
856680 857528
856680 857544
856680 857911
856680 858017
856680 858164
856680 858294
856681 857069
856681 857092
856681 857321
856681 857438
856681 857658
856681 858158
856681 858392
856682 857069
856682 857092
856682 857438
856682 857658
856682 858158
856682 858392
856684 856712
856684 856775
856684 856940
856684 857041
856684 857158
856684 857235
856684 857517
856684 857564
856684 857584
856684 857770
856684 858098
856684 858184
856686 857261
856686 857694
856687 857081
856687 857626
856687 857842
856687 858191
856688 857069
856688 857565
856688 857629
856688 857758
856688 857792
856690 856710
856690 856927
856690 856946
856690 857060
856692 856771
856692 856775
856692 856843
856692 857036
856693 856820
856696 856861
856696 856878
856696 856942
856696 857036
856696 857139
856696 857339
856696 857508
856696 857913
856696 858066
856696 858178
856696 858391
856697 856799
856699 856733
856699 856944
856700 856771
856700 856845
856700 857288
856700 857296
856700 857339
856700 857913
856701 856749
856701 856770
856701 856788
856701 856921
856701 856992
856701 856998
856701 856999
856701 857010
856701 857299
856701 857681
856701 857948
856701 858011
856701 858028
856702 857177
856703 856832
856703 856902
856703 856916
856703 857090
856703 857170
856703 857173
856703 857218
856703 857431
856703 857442
856703 858178
856704 856863
856704 857289
856704 857392
856704 857414
856704 858221
856704 858317
856706 857548
856706 857598
856707 856956
856707 857229
856707 857279
856707 857875
856708 856919
856708 857251
856708 857513
856708 857552
856708 857838
856708 858227
856708 858234
856708 858379
856709 856720
856709 856734
856709 856944
856709 856951
856709 856975
856709 857010
856709 857048
856709 857086
856709 857138
856709 857167
856709 857580
856709 857902
856709 858097
856710 856766
856710 856787
856710 856857
856710 856927
856710 857474
856710 857659
856710 857673
856710 857703
856710 857746
856710 858368
856711 856981
856711 857567
856711 857584
856711 857732
856712 856800
856712 856941
856712 857041
856712 857077
856712 857174
856712 857323
856712 857584
856712 858060
856712 858146
856713 857157
856713 857167
856713 857335
856713 857790
856714 858262
856715 857224
856715 857432
856716 857215
856716 857635
856719 856740
856719 856912
856719 857421
856720 857086
856722 857142
856722 857587
856722 858103
856725 856782
856725 856797
856725 857714
856725 858374
856725 858375
856726 857175
856727 857000
856727 857130
856727 857587
856728 857896
856729 857896
856730 857595
856730 858222
856731 858158
856732 858200
856733 856920
856733 856944
856733 857130
856733 857216
856733 857309
856733 857335
856733 857496
856733 857660
856733 857854
856733 857951
856733 858317
856733 858366
856734 856771
856734 857010
856734 857011
856734 857090
856734 857204
856734 857357
856734 857801
856736 856759
856736 856796
856736 856816
856736 856970
856736 857054
856736 857345
856736 857440
856736 857445
856736 857687
856738 857493
856738 857629
856738 858158
856739 856805
856739 857006
856739 857036
856739 857069
856739 857185
856739 857428
856739 857492
856739 857658
856739 857681
856739 858076
856740 856759
856740 856765
856740 856785
856740 856816
856740 856938
856740 857086
856740 857719
856740 857902
856740 858023
856743 856823
856743 857318
856747 856754
856747 856771
856747 856828
856747 856900
856747 856952
856747 856999
856747 857078
856747 857135
856747 857244
856747 857304
856747 857345
856747 857422
856747 857454
856747 857508
856747 857577
856748 856856
856749 857187
856749 858124
856749 858366
856750 856820
856750 857011
856750 857090
856750 857472
856750 857619
856750 858101
856750 858131
856751 856780
856751 856936
856751 856975
856751 857829
856751 858098
856752 856887
856752 856890
856752 858115
856754 856759
856754 856816
856754 856823
856754 856828
856754 857054
856754 857244
856754 857254
856754 857405
856755 857136
856756 856837
856756 858010
856756 858394
856758 858355
856759 856796
856759 856919
856759 856952
856759 857013
856759 857054
856759 857341
856759 857571
856759 857662
856759 858011
856759 858017
856764 856828
856764 857054
856764 857078
856764 857135
856764 857593
856764 857911
856764 858011
856764 858017
856764 858393
856765 856925
856765 857069
856765 857081
856765 857405
856765 857429
856765 857487
856765 857983
856765 858170
856766 856841
856766 856848
856766 857036
856766 857130
856766 857558
856766 857666
856766 858103
856766 858405
856766 858419
856767 856773
856767 856941
856767 856960
856767 857001
856767 857459
856767 857584
856767 857803
856768 857036
856768 857130
856768 857182
856768 857208
856768 857288
856768 857470
856768 858098
856770 856788
856770 856797
856770 857010
856770 858400
856771 856775
856771 856861
856771 857036
856771 857655
856771 857801
856771 857913
856773 856813
856773 856880
856773 857370
856773 857465
856773 857502
856773 858179
856773 858331
856774 856796
856774 856816
856774 856919
856774 857344
856774 857498
856774 857508
856774 858011
856774 858393
856775 856861
856775 857036
856775 857054
856775 857069
856775 857518
856775 857526
856775 858124
856777 857488
856777 858213
856777 858323
856777 858331
856778 856805
856778 857006
856778 857036
856778 857069
856778 857185
856778 857428
856778 857492
856778 857658
856778 857681
856778 858076
856779 857354
856779 857757
856781 856851
856782 856834
856782 858393
856784 857606
856785 856885
856786 856790
856787 856841
856787 856848
856787 857130
856787 858103
856787 858167
856787 858175
856788 857555
856788 857770
856794 856911
856796 856816
856796 856908
856796 856999
856796 857009
856796 857052
856796 857341
856796 857375
856796 857464
856796 857571
856796 857687
856796 857991
856796 858011
856797 856843
856797 856876
856797 856892
856797 856912
856797 856940
856797 857043
856797 857275
856797 857289
856797 857537
856797 857758
856797 858098
856797 858317
856797 858379
856798 857327
856799 856836
856799 857211
856799 857264
856799 858000
856799 858152
856799 858398
856800 857098
856802 857130
856802 857170
856802 857173
856802 857212
856802 857571
856802 857841
856802 857901
856802 858218
856803 857200
856803 857480
856803 857685
856804 857266
856805 856882
856805 856957
856805 856992
856805 856998
856805 857036
856805 857130
856805 857139
856805 857185
856805 857237
856805 857274
856805 857758
856806 856938
856806 856992
856806 856998
856806 857407
856806 857428
856806 857619
856806 858234
856806 858236
856806 858396
856807 856841
856807 857086
856807 857300
856807 858090
856808 857692
856809 857022
856811 857094
856811 857161
856811 857320
856811 857580
856811 858363
856812 856892
856812 856940
856812 857760
856812 857937
856813 856905
856813 857101
856813 857567
856814 857488
856814 857564
856814 857567
856815 857226
856816 856919
856816 856952
856816 857013
856816 857054
856816 857096
856816 857341
856816 857440
856816 857571
856816 858011
856816 858017
856817 857507
856820 856840
856820 856858
856820 857048
856820 857295
856820 857558
856820 857672
856824 857076
856824 857196
856824 858076
856825 856834
856825 856892
856825 857084
856825 857492
856825 857780
856825 857781
856825 857991
856825 858235
856827 856861
856827 857904
856827 858047
856827 858137
856827 858139
856828 856900
856828 856952
856828 857291
856828 857318
856828 858052
856828 858059
856828 858393
856830 857519
856831 857037
856831 857496
856831 857900
856831 858322
856832 856884
856832 857090
856832 857357
856832 857637
856832 857883
856832 858178
856832 858261
856832 858385
856833 857244
856833 857345
856833 857508
856833 858369
856834 856903
856834 856994
856834 857006
856834 858209
856834 858235
856837 856971
856837 857158
856839 857011
856839 857086
856839 857090
856839 857518
856839 857951
856840 857541
856841 856848
856841 857069
856841 857086
856841 857091
856841 857121
856841 857300
856841 857841
856841 858058
856841 858103
856841 858175
856842 857097
856843 856861
856843 856878
856843 857146
856843 857182
856843 857339
856843 857442
856843 857519
856843 857875
856843 858198
856845 857029
856845 857135
856845 857201
856845 857204
856845 857339
856845 857386
856845 857536
856845 857722
856845 857966
856846 857210
856846 857644
856846 858269
856848 857081
856848 857254
856848 857730
856848 857873
856848 858103
856848 858175
856851 856930
856851 857059
856851 857984
856855 857188
856857 856858
856857 858366
856858 856914
856858 856954
856858 857012
856858 857094
856858 857130
856858 857314
856858 857320
856858 857396
856858 857588
856858 857600
856858 857902
856858 858218
856858 858254
856858 858389
856859 857405
856859 857428
856859 858393
856861 857036
856861 857279
856861 857296
856861 857750
856863 856938
856863 857043
856863 857326
856863 858007
856863 858131
856869 858389
856870 857210
856870 857644
856870 858269
856871 856922
856871 857024
856871 857139
856871 857208
856871 857689
856871 857692
856871 858041
856871 858122
856871 858317
856871 858366
856872 858040
856875 857433
856876 857011
856876 857037
856876 857090
856876 857142
856876 857182
856876 857730
856876 857839
856876 858059
856878 856942
856878 857792
856878 857941
856880 857661
856880 858160
856881 857357
856882 857357
856884 858385
856885 857668
856886 857302
856886 857630
856886 857859
856887 856893
856887 856951
856887 856955
856887 857196
856887 857780
856887 857781
856887 857922
856889 857132
856890 856893
856890 856951
856890 856955
856890 857196
856890 857285
856890 857302
856890 857780
856890 857781
856890 857922
856892 856903
856892 856940
856892 857011
856892 857085
856892 857090
856892 857170
856892 857173
856892 857352
856892 857405
856893 857196
856893 857507
856893 858115
856894 856999
856894 857047
856896 856976
856897 857001
856900 856945
856900 856952
856900 856970
856900 856999
856900 857042
856900 857054
856900 857219
856900 857318
856900 857687
856900 858011
856900 858017
856901 857516
856901 857705
856901 858213
856902 856992
856902 856998
856902 857334
856902 857492
856902 857658
856902 857948
856903 857084
856903 857492
856903 857780
856903 857781
856903 858235
856904 857158
856904 857619
856904 858073
856904 858262
856905 857130
856905 857863
856906 857037
856907 857717
856907 858122
856908 856952
856908 856954
856908 857551
856908 857687
856908 857714
856908 857911
856908 857912
856908 858017
856908 858260
856909 857790
856909 858082
856910 857113
856910 857477
856910 857548
856910 857567
856910 858214
856910 858323
856911 857077
856911 857159
856911 857359
856911 857661
856911 858112
856912 857188
856912 857558
856912 858285
856914 857075
856914 857322
856914 857340
856914 857581
856914 857634
856914 857660
856914 857945
856914 857950
856914 858079
856914 858226
856916 857218
856916 857357
856916 857429
856916 857480
856916 857776
856916 857786
856916 858024
856917 857209
856917 858221
856918 857260
856918 857294
856918 857365
856918 857902
856919 857005
856919 857092
856919 857121
856919 857312
856919 857345
856919 857508
856919 858167
856920 857448
856921 857842
856921 858402
856922 857114
856922 857130
856922 857935
856922 858023
856922 858254
856922 858263
856925 857832
856925 858170
856926 857985
856926 858342
856927 857161
856927 857229
856927 857279
856927 857295
856927 857464
856927 857541
856930 857184
856930 857392
856930 857414
856930 857510
856931 857184
856932 856986
856932 857061
856932 857378
856932 857518
856932 858410
856933 857011
856933 857090
856933 857770
856933 858142
856935 857074
856935 857078
856935 857708
856936 857823
856938 856944
856938 856951
856938 857513
856938 857605
856938 857633
856939 857296
856940 857069
856940 857294
856940 857517
856940 857523
856940 857722
856940 857763
856941 857505
856941 857516
856941 857909
856941 858060
856941 858146
856942 857385
856942 857519
856944 856946
856944 856951
856944 857073
856944 857091
856944 857121
856944 857132
856944 857208
856944 858289
856945 857009
856945 857278
856945 857680
856945 857714
856945 858050
856945 858393
856946 857064
856946 857208
856946 857588
856946 857735
856946 858047
856946 858159
856946 858178
856946 858229
856950 857838
856950 858431
856951 856975
856951 857638
856951 857780
856951 857781
856952 856975
856952 857142
856952 857254
856952 857304
856952 857341
856952 857405
856952 857440
856952 857544
856952 858017
856952 858082
856952 858369
856954 856955
856954 857600
856955 857048
856955 857922
856955 858309
856956 857201
856956 857347
856956 858003
856956 858091
856957 857357
856959 857404
856959 857564
856959 857635
856959 858331
856960 857001
856960 857459
856960 857584
856966 857032
856967 857221
856967 857296
856971 857043
856971 857960
856972 857316
856973 857133
856973 857258
856974 856983
856974 857011
856974 857090
856974 857392
856974 857414
856974 857510
856975 857115
856975 857193
856975 857341
856975 858098
856975 858103
856976 857954
856976 858236
856978 857736
856979 857004
856979 857088
856979 857191
856979 857368
856979 857626
856979 857930
856979 857950
856979 858046
856979 858250
856981 857968
856981 858413
856985 857226
856985 857255
856985 857337
856985 857370
856985 857465
856985 857661
856985 857705
856986 857038
856986 857059
856986 857518
856986 858218
856988 857264
856988 858130
856989 857259
856992 857251
856992 857428
856993 857327
856993 857357
856993 858208
856993 858299
856994 858209
856998 857251
856998 857428
856999 857003
856999 857047
856999 857135
856999 857244
856999 857440
856999 857458
856999 857508
856999 857836
856999 857915
856999 857920
857001 857079
857001 857459
857001 857584
857003 857253
857003 857587
857003 858017
857005 857345
857005 858129
857005 858167
857006 857069
857006 857084
857006 858235
857007 857106
857007 857191
857007 857273
857007 857412
857007 858082
857007 858262
857008 857581
857008 858267
857009 857054
857009 857341
857009 858304
857010 857092
857010 857260
857010 857487
857010 858011
857010 858147
857010 858400
857011 857038
857011 857142
857011 857321
857011 857392
857011 857414
857011 857499
857011 857510
857011 857518
857011 857623
857011 857770
857011 857839
857011 858059
857011 858332
857012 857294
857012 857322
857012 857325
857014 857098
857019 857072
857019 857191
857019 857379
857019 857859
857020 858365
857022 858223
857024 857883
857024 858238
857025 857316
857027 857192
857027 857845
857027 858136
857031 857333
857031 857346
857032 857130
857032 857226
857032 857502
857032 857598
857032 857662
857032 857886
857032 857893
857033 858078
857035 858056
857036 857185
857036 857837
857036 858058
857036 858098
857036 858175
857036 858419
857037 857422
857037 857607
857038 857061
857038 857070
857038 857090
857038 857304
857038 857659
857038 857703
857038 857883
857038 858410
857041 857410
857041 857584
857041 857662
857041 857980
857041 858315
857043 857060
857043 857081
857043 857161
857043 857172
857043 857294
857043 857541
857044 857379
857044 857858
857044 857930
857044 857939
857044 858299
857045 857343
857045 857349
857047 857548
857048 857841
857048 857873
857048 857902
857048 858015
857050 857707
857050 858142
857051 857852
857051 858320
857052 857385
857052 857828
857054 857139
857054 857341
857054 857395
857055 858405
857057 857416
857057 857790
857057 858082
857059 857061
857059 857704
857059 857759
857059 858299
857059 858410
857060 857161
857060 857229
857060 857279
857061 857518
857061 858218
857062 857571
857064 857132
857064 857938
857064 858047
857069 857565
857069 857792
857069 857937
857071 858063
857071 858152
857073 857091
857073 857297
857074 858379
857075 857407
857075 858226
857076 857196
857077 857101
857077 857323
857077 857337
857077 857410
857077 857548
857077 858213
857077 858331
857078 857096
857078 857318
857078 857341
857079 857423
857080 857705
857081 857555
857081 857730
857081 857873
857084 857103
857084 857114
857084 857948
857084 858283
857084 858357
857085 857139
857085 857202
857085 857945
857085 857952
857085 858122
857086 857141
857086 857300
857086 857320
857086 857614
857086 857719
857086 857742
857086 857838
857086 858124
857086 858153
857086 858396
857088 857412
857088 857626
857088 857781
857088 857854
857088 858046
857090 857142
857090 857321
857090 857357
857090 857392
857090 857414
857090 857499
857090 857510
857090 857518
857090 857623
857090 857770
857090 857839
857090 858059
857090 858178
857090 858332
857091 857676
857091 857679
857091 857951
857092 857922
857092 858129
857092 858392
857094 857182
857094 857320
857094 857513
857094 857830
857094 857935
857094 858014
857094 858170
857094 858330
857095 857692
857095 858235
857096 857341
857096 857837
857097 857282
857097 857963
857097 858121
857097 858152
857098 857477
857099 857203
857099 857398
857099 857730
857099 857808
857099 858369
857101 857423
857101 858213
857101 858331
857102 857284
857102 857991
857102 858404
857104 857200
857104 857218
857105 857565
857105 857941
857105 858198
857106 857204
857106 857303
857106 857412
857106 857458
857106 857647
857106 857801
857106 857940
857106 858364
857113 857359
857113 857441
857114 857182
857114 857704
857114 857742
857114 857935
857115 857257
857115 857356
857115 857904
857115 857906
857118 857356
857119 857847
857121 857175
857121 857906
857121 857950
857122 857352
857122 857451
857122 857950
857122 858204
857128 858418
857129 857158
857129 857303
857129 857412
857129 857841
857129 857858
857129 858092
857130 857208
857130 857309
857130 857960
857130 858254
857130 858341
857132 857208
857132 857429
857132 857970
857132 858047
857133 857258
857135 857201
857135 857244
857135 857422
857135 857508
857135 857687
857135 858052
857135 858167
857135 858393
857138 857962
857139 857170
857139 857173
857139 857508
857139 857758
857139 858389
857139 858411
857142 857254
857142 857257
857142 857352
857142 857458
857142 857587
857142 857706
857142 857839
857142 857906
857142 858059
857142 858103
857144 857234
857144 857379
857144 857527
857144 857538
857144 857742
857144 857858
857144 858073
857144 858262
857146 857875
857146 857913
857146 858002
857146 858101
857147 857847
857150 857433
857151 857554
857152 857339
857152 857913
857152 857995
857156 857174
857157 857251
857157 857458
857158 857571
857158 857770
857158 858073
857158 858098
857159 857349
857159 857410
857159 857505
857159 857974
857160 857200
857161 857660
857161 858254
857167 857672
857167 857838
857169 857896
857169 858190
857170 857202
857170 857357
857170 857442
857170 857571
857170 857945
857170 857952
857170 858122
857172 857294
857173 857202
857173 857357
857173 857442
857173 857571
857173 858122
857175 857236
857175 857949
857175 858113
857176 857659
857176 857703
857177 857685
857177 857871
857177 857880
857177 858279
857178 857817
857179 857438
857179 857463
857179 857967
857179 858055
857181 857283
857181 858026
857182 857339
857182 857704
857182 857816
857182 858014
857184 857527
857185 857196
857185 858120
857185 858389
857188 857300
857188 857360
857188 858141
857191 857312
857191 857345
857191 857422
857191 857440
857191 857973
857191 858369
857192 857955
857193 857257
857193 857356
857193 857904
857193 857906
857196 858115
857197 857386
857200 857690
857200 857823
857200 857929
857200 858037
857200 858087
857200 858203
857201 857845
857201 857976
857203 857284
857203 857304
857203 858369
857204 857339
857204 857526
857205 857291
857205 857458
857208 858124
857209 857435
857210 857644
857210 858216
857210 858347
857213 857792
857213 857865
857215 857349
857215 857980
857216 857295
857216 857672
857216 857854
857217 857506
857218 857357
857218 857431
857218 858024
857219 857687
857220 857505
857221 857296
857221 857470
857221 857551
857221 857976
857221 858425
857221 858428
857224 858193
857224 858214
857226 857662
857229 857279
857229 857322
857230 857231
857234 857287
857234 857379
857234 857527
857234 857602
857234 857752
857234 858046
857234 858084
857234 858333
857234 858394
857235 857459
857235 858224
857238 857341
857238 857837
857242 857548
857244 857341
857244 857458
857244 857508
857244 857528
857244 857915
857244 858164
857245 857971
857245 858178
857247 857517
857247 857761
857247 857879
857248 857930
857248 857939
857248 858299
857251 857948
857253 857913
857254 857499
857255 857715
857255 857888
857257 857352
857257 857422
857257 857906
857260 857902
857264 857590
857264 858321
857272 857318
857272 857379
857272 857973
857273 857318
857273 857379
857273 857521
857273 857571
857273 857973
857273 858046
857275 857279
857275 857385
857275 857750
857278 857751
857278 857911
857278 858393
857279 857288
857279 857347
857279 857449
857279 857750
857279 857865
857279 858003
857279 858058
857279 858091
857280 858174
857281 857600
857282 858121
857282 858398
857284 857304
857284 857551
857284 857681
857284 857822
857284 858339
857285 858353
857286 857318
857288 857875
857289 857665
857289 857841
857290 857320
857290 857518
857290 857703
857290 858226
857290 858290
857290 858366
857291 857458
857291 857498
857291 858052
857295 857672
857295 858022
857296 857470
857296 857915
857298 857339
857298 857913
857298 857995
857299 857687
857300 857619
857300 858226
857302 857786
857303 857571
857303 858073
857304 858082
857309 857457
857309 857832
857312 857318
857312 857422
857312 858369
857313 857409
857313 857496
857313 857667
857313 857900
857313 858289
857314 857482
857314 857496
857314 858079
857317 857329
857317 857330
857318 857443
857318 857469
857318 857495
857318 857498
857318 857688
857318 857843
857318 857873
857318 858011
857318 858017
857318 858122
857318 858336
857318 858337
857320 858153
857321 857329
857321 857639
857321 857739
857321 857740
857321 857991
857323 857370
857323 857661
857326 857626
857327 857357
857327 857480
857327 858098
857328 857329
857328 857330
857328 858412
857329 857535
857329 857623
857329 857641
857330 857535
857330 857623
857330 857640
857330 857641
857332 857707
857335 857915
857336 857973
857337 857370
857337 857505
857337 857548
857337 857863
857339 857913
857339 857995
857339 858382
857341 857429
857341 857571
857341 858011
857345 857440
857345 857784
857345 858011
857345 858167
857345 858294
857346 857894
857347 857875
857350 857513
857350 858183
857352 857518
857352 857577
857352 857837
857356 857652
857356 857731
857356 858178
857357 857431
857357 858024
857357 858098
857357 858178
857357 858208
857359 857410
857359 857459
857359 857895
857361 857496
857361 857665
857365 858007
857365 858045
857367 857786
857370 857459
857370 857888
857375 857828
857378 857937
857378 858084
857378 858391
857379 857443
857379 857622
857379 857711
857379 857742
857379 857752
857379 857930
857379 857939
857379 858046
857379 858187
857379 858250
857379 858333
857379 858336
857379 858337
857385 857828
857385 858369
857386 857493
857389 857395
857391 857665
857392 857428
857392 857834
857395 857719
857396 858320
857398 857687
857400 857817
857402 857799
857405 857551
857405 857571
857405 857915
857405 858011
857405 858393
857407 857456
857407 857482
857410 857895
857410 858118
857412 857527
857412 857602
857412 857622
857412 857626
857412 857780
857412 857854
857412 858046
857414 857428
857414 857834
857421 857990
857422 857687
857422 858369
857423 857632
857423 857886
857423 858228
857426 858158
857426 858221
857428 857551
857428 857919
857428 858227
857428 858326
857429 857431
857429 858178
857430 858332
857431 857776
857431 857786
857431 858024
857432 858069
857434 857567
857434 857707
857438 857967
857441 857514
857441 857893
857443 857973
857444 857778
857447 858160
857447 858266
857447 858323
857451 857474
857451 857668
857451 857914
857451 858366
857457 858263
857457 858289
857457 858320
857458 857618
857458 857647
857458 857836
857458 858011
857459 857505
857459 857584
857459 857661
857459 857732
857459 857888
857459 857917
857460 857565
857460 857937
857460 858347
857463 857629
857463 857658
857463 858055
857464 857960
857465 857505
857465 858327
857474 857619
857475 857551
857475 858391
857479 858010
857481 857492
857492 857780
857492 857781
857492 857919
857492 857932
857492 858340
857493 858055
857496 857900
857496 857951
857496 857983
857496 858124
857496 858396
857498 858011
857498 858393
857499 858059
857505 857732
857508 857982
857509 858347
857513 857839
857513 857918
857513 858060
857513 858379
857514 857598
857514 858193
857517 857879
857517 858001
857518 857526
857518 857770
857518 857837
857518 858124
857518 858410
857519 858101
857521 858052
857526 858124
857527 857782
857530 857811
857531 857532
857531 857807
857531 857812
857532 857804
857532 857806
857532 857810
857533 857601
857536 858361
857537 858379
857538 857575
857538 858073
857548 857567
857548 857632
857548 858214
857551 857915
857551 858143
857551 858425
857551 858428
857552 857838
857555 857770
857560 858170
857564 857635
857565 857792
857565 857862
857565 857937
857565 858347
857567 857584
857567 857715
857567 857732
857571 857940
857571 858011
857572 857630
857572 857776
857572 858208
857575 857626
857575 857858
857575 858333
857577 858350
857579 857670
857580 857839
857581 857841
857581 858122
857581 858356
857582 857955
857584 857715
857584 857732
857584 858131
857585 858349
857585 858411
857587 857759
857587 858103
857598 857907
857601 857608
857601 857609
857601 857807
857601 857812
857603 857922
857603 858172
857605 858131
857607 857937
857607 858369
857609 857814
857611 857811
857614 857667
857615 857718
857619 857945
857619 858131
857624 858054
857626 857940
857626 858073
857626 858092
857626 858191
857626 858299
857629 857758
857629 857967
857634 857950
857635 857707
857635 857980
857637 857776
857637 857823
857637 858261
857638 857918
857644 858269
857646 857945
857647 858059
857652 858387
857652 858440
857653 857938
857659 857832
857660 857854
857661 857882
857664 857978
857665 857676
857669 858361
857670 857714
857671 857990
857680 857714
857680 857751
857680 858050
857680 858393
857681 857841
857682 858273
857685 857754
857685 858251
857687 858294
857689 857692
857689 857746
857689 858431
857690 857823
857690 858087
857692 858317
857701 857950
857701 858204
857701 858281
857701 858343
857701 858366
857703 857832
857707 857882
857713 857790
857714 858050
857714 858393
857715 857732
857717 858280
857722 857828
857722 857937
857722 858411
857723 857760
857723 857792
857724 858027
857726 857914
857726 858366
857730 857808
857730 857873
857731 858123
857731 858178
857732 858112
857732 858266
857736 858317
857744 858169
857746 858235
857752 858073
857754 858279
857758 858098
857759 858299
857765 857926
857769 857847
857770 858040
857770 858098
857771 858092
857777 857886
857780 858046
857780 858187
857781 857854
857781 858187
857785 857966
857790 857816
857792 857837
857792 857862
857792 857865
857804 857807
857804 857812
857806 857807
857806 857812
857809 857811
857823 858037
857823 858087
857830 857951
857832 858170
857838 858195
857839 858059
857841 858015
857841 858221
857841 858250
857845 858101
857846 858169
857850 858279
857850 858309
857851 858119
857851 858361
857852 858137
857852 858139
857854 858046
857858 858082
857862 858003
857862 858091
857865 858058
857867 857880
857868 857941
857871 857880
857875 858003
857875 858091
857882 858060
857883 858024
857889 857992
857896 857917
857897 858114
857900 857983
857901 858093
857901 858289
857907 858230
857907 858323
857911 858052
857913 857995
857913 858027
857913 858101
857913 858221
857915 858369
857920 858434
857921 858321
857922 857973
857922 858024
857930 858046
857930 858299
857937 858005
857937 858347
857939 858046
857939 858250
857939 858299
857941 858391
857945 858079
857951 858330
857951 858400
857954 858236
857963 858000
857971 858178
857973 858336
857973 858337
857980 858266
857981 858259
857983 858389
857984 858191
857989 858120
857989 858133
857989 858147
857996 858349
858000 858152
858001 858073
858003 858391
858004 858005
858007 858079
858011 858052
858011 858122
858011 858369
858011 858393
858015 858221
858018 858417
858023 858254
858033 858057
858037 858087
858037 858096
858040 858342
858046 858073
858046 858092
858046 858299
858047 858137
858047 858139
858050 858393
858052 858294
858052 858393
858060 858146
858066 858178
858073 858262
858076 858080
858076 858182
858077 858400
858084 858391
858091 858391
858092 858099
858098 858208
858100 858389
858100 858411
858101 858420
858103 858175
858109 858197
858119 858198
858120 858169
858121 858130
858121 858398
858124 858396
858129 858393
858133 858169
858137 858236
858137 858355
858139 858236
858139 858355
858158 858221
858160 858266
858175 858419
858193 858214
858213 858331
858234 858396
858251 858279
858269 858347
858283 858284
858318 858431
858332 858362
858340 858386
858361 858420
858369 858393
858384 858425
858384 858428
858389 858397
858389 858416
856559 856961
856559 856962
856559 856963
856559 856969
856559 858147
856563 857038
856563 857392
856563 857414
856571 856672
856571 856828
856571 857318
856571 858011
856573 857514
856574 856624
856574 857461
856574 857834
856574 858050
856577 856579
856578 856779
856578 858130
856578 858398
856579 856662
856579 856843
856581 856589
856582 857150
856584 856662
856584 856700
856584 856768
856584 856843
856587 857424
856587 857839
856595 856747
856595 856945
856595 857318
856601 858068
856608 856637
856609 857889
856610 856697
856614 856954
856615 857053
856617 857385
856618 856747
856618 857508
856621 856651
856621 857010
856622 857192
856622 857433
856623 856919
856623 857345
856623 858167
856623 858434
856624 857440
856624 857461
856624 857680
856625 856696
856625 856861
856625 856942
856625 857279
856626 856816
856627 856696
856627 856707
856627 856747
856627 856843
856629 857139
856630 856927
856631 856925
856633 857094
856641 857444
856641 857778
856643 856696
856643 856942
856645 857961
856647 857468
856647 857521
856649 856693
856649 857270
856652 856887
856652 856890
856652 856893
856652 858115
856658 857244
856661 856779
856661 857354
856662 858345
856666 857497
856670 858015
856671 856765
856672 856747
856680 856747
856696 856843
856698 857773
856700 856843
856700 856861
856700 857785
856703 857299
856703 858024
856704 856733
856705 857053
856706 857864
856708 856950
856709 857962
856711 857715
856717 858243
856726 857145
856733 856871
856736 857096
856736 857784
856736 858345
856737 858124
856741 856742
856741 856743
856741 856754
856744 857500
856747 856764
856747 857405
856747 858011
856754 858150
856758 857660
856759 856774
856759 857096
856759 857440
856764 857318
856766 858175
856768 857339
856774 856999
856774 857440
856782 856956
856782 857386
856788 857990
856789 857698
856796 857054
856796 857899
856797 856925
856799 857097
856799 857282
856799 857921
856804 856805
856807 857978
856814 857113
856817 857026
856826 857604
856828 857544
856828 858017
856831 857983
856833 856952
856833 858011
856834 857861
856834 857992
856842 857282
856842 858063
856842 858152
856843 856942
856845 857826
856858 856946
856861 857375
856871 857511
856875 857150
856876 858170
856878 857509
856881 857274
856887 858115
856890 858115
856892 857868
856893 857206
856900 858054
856900 858304
856902 857383
856904 857129
856908 857009
856908 857684
856910 858193
856911 857410
856919 858393
856927 857043
856940 857378
856942 857052
856944 857457
856945 858324
856952 858011
856954 857281
856954 857396
856956 857386
856970 858304
856979 857273
856992 858334
856993 857922
856996 857417
856998 858334
857007 857303
857007 857940
857012 857161
857022 857137
857044 857129
857057 858296
857069 857429
857077 857311
857078 857244
857081 857172
857092 858332
857115 857652
857118 858232
857121 857122
857121 857451
857121 858204
857132 857245
857135 857299
857135 858016
857135 858294
857138 857184
857157 857951
857176 857492
857183 857593
857187 857305
857191 857318
857193 857652
857201 857385
857210 857460
857211 857264
857211 858321
857222 857757
857222 858274
857236 858113
857245 857735
857245 858159
857245 858229
857255 857986
857278 857461
857278 857680
857278 857714
857278 857834
857285 857302
857287 857471
857303 857412
857303 857626
857317 857321
857317 857535
857317 857641
857318 857422
857318 858369
857321 857535
857323 857583
857326 857614
857327 858208
857333 858301
857352 857405
857368 857398
857369 857660
857378 857722
857381 857405
857409 857614
857411 857673
857412 857781
857412 857940
857416 858296
857417 858119
857428 858143
857433 858111
857446 858052
857451 857726
857460 858269
857468 857521
857480 857859
857489 857875
857496 858289
857528 858164
857529 857612
857529 857813
857530 857611
857530 857809
857531 857810
857535 857623
857539 857739
857539 857740
857539 857741
857544 858017
857599 858333
857601 857639
857601 857811
857601 858386
857610 857804
857610 857805
857611 857809
857612 857813
857623 857641
857631 858363
857639 857739
857639 857740
857639 857741
857639 858386
857651 858401
857666 857824
857670 857675
857676 857719
857690 858037
857701 857726
857710 858191
857719 857791
857743 857744
857743 857846
857758 857770
857781 858046
857800 857804
857800 857805
857804 857805
857806 857811
857806 857814
857810 857811
857817 858177
857826 857828
857856 857857
857861 858209
857900 858149
857930 858250
857948 858334
857951 858001
857955 858232
857963 858152
857970 857971
858050 858433
858122 858368
858273 858305
858311 858335
858387 858440
858389 858418
858408 858415
856561 857010
856561 857044
856571 856747
856571 858276
856573 858193
856573 858214
856578 856799
856584 857449
856587 857046
856589 856954
856597 856713
856609 857861
856609 857992
856612 856614
856612 857281
856618 857469
856623 857440
856626 856759
856627 857509
856629 857054
856645 857673
856656 857619
856663 857133
856691 856819
856700 856768
856703 857357
856704 856950
856717 856906
856727 857634
856728 856729
856730 857264
856742 856743
856742 856754
856764 858052
856768 856843
856774 858207
856805 857266
856811 857631
856812 857722
856820 857149
856839 857141
856846 856870
856874 857376
856880 858179
856882 857274
856897 857909
856909 857416
856919 858129
856940 857937
856945 856970
856950 857552
856957 857274
856979 858262
856994 857861
857038 857083
857070 857083
857071 857963
857094 857389
857107 857499
857110 858066
857132 858178
857135 857495
857152 857885
857155 857549
857196 858357
857201 857221
857213 857607
857233 857269
857264 857921
857264 858130
857288 857347
857288 858003
857298 857885
857304 857345
857317 857640
857321 857640
857321 857641
857347 858003
857396 857600
857397 857588
857433 858395
857451 857701
857451 857950
857461 858050
857530 857804
857531 857601
857535 857640
857605 857633
857610 857800
857611 857804
857646 858252
857656 857865
857690 858096
857696 857958
857726 858265
857804 857809
857804 857810
857804 857811
857807 857812
857822 858095
857837 858406
857843 857849
857849 857873
857950 858204
857963 858063
857992 858209
858080 858182
858085 858138
858144 858329
858332 858392
858374 858375
858383 858384
856567 858003
856571 856595
856571 856717
856578 858000
856589 856612
856591 857979
856595 857304
856661 857071
856663 856973
856680 857244
856700 857966
856707 858003
856734 856982
856764 856900
856797 858204
856807 857561
856807 857664
856828 857135
856828 858016
856834 857889
856842 857071
856845 857828
856909 858296
856946 857245
856949 857110
856952 857647
856994 857992
857050 858071
857064 858342
857107 858271
857167 857168
857202 858416
857227 857228
857238 857239
857288 858091
857304 857422
857317 857623
857321 857328
857321 857623
857328 857535
857328 857623
857328 857640
857328 857641
857345 857422
857347 858091
857399 857413
857420 857686
857495 858016
857531 857806
857601 857804
857601 857810
857623 857640
857640 857641
857649 857681
857675 857714
857693 858036
857806 857810
857843 857873
857870 857874
856571 856906
856574 857278
856578 857921
856578 858321
856579 857146
856585 857322
856612 857600
856615 856705
856633 856685
856661 857097
856661 858063
856661 858152
856687 856921
856696 857253
856707 857288
856710 857411
856743 856754
856752 856780
856757 858211
856842 857963
856857 857796
856858 857322
856905 857101
856934 858081
856949 858066
856952 858059
856967 857470
856972 857025
856996 858119
856999 858155
857008 858010
857048 858221
857050 857434
857102 858339
857278 858050
857286 857688
857317 857328
857531 857804
857601 857806
857637 858024
857744 857846
857804 857806
857934 858430
858084 858394
858120 858133
856567 857288
856573 857224
856589 856614
856595 857345
856595 857422
856609 856994
856609 858209
856624 858050
856630 858086
856707 858091
856761 856965
856764 857183
856900 857624
856930 856931
856945 858304
856993 857248
857105 857519
857177 858251
857456 858156
857601 857814
857735 858229
857754 858251
857881 857964
857911 858260
857919 857932
858159 858229
858292 858319
856567 858091
856577 857146
856578 857211
856582 856875
856600 858268
856609 856834
856612 856954
856668 856737
856748 856760
856783 856785
856825 857006
856828 857495
856881 856882
856881 856957
856903 857006
856946 857132
856987 857453
857013 857310
857085 857173
857132 857971
857139 857202
857177 857754
857191 858337
857392 857510
857535 857641
857559 858377
857912 858260
858256 858381
856559 857000
856624 857278
856707 857347
856927 857060
856979 857007
857085 857170
857119 857147
857272 857273
857273 857443
857273 858336
857273 858337
857428 857455
857454 857836
857561 857664
857734 857745
858227 858234
858427 858437
856567 857347
856610 857716
856661 857963
856713 857424
856766 856787
856798 857120
856871 858389
857008 857479
857062 857158
857074 857524
857178 857400
857429 857430
857680 857925
857905 857906
858100 858397
856661 856842
856961 856962
856962 856963
856962 856969
857080 857226
857139 858416
857191 857272
857191 857443
857191 858336
857303 857940
857361 857391
857527 857602
857659 857703
857689 858318
857739 857741
857911 857912
857945 857952
858003 858091
858373 858429
856961 856963
856963 856969
856992 857948
857735 858159
857739 857740
858336 858337
856640 856819
856961 856969
856986 858410
856998 857948
857409 857667
857443 858337
857740 857741
857930 857939
856567 856707
856578 857264
856702 858203
856918 858045
856992 856998
857061 858410
857152 857298
856630 856852
856825 856903
856882 856957
857392 857414
857983 858322
857210 858269
857272 858337
858425 858428
856887 856890
856986 857061
857115 857193
857191 857273
857414 857510
857170 857173
857780 857781
858137 858139
856645 856710
856916 857431
857011 857090
857451 858204
858043 858399
857443 858336
856759 856816
856909 857057
856739 856778
857272 858336
857861 857992
856681 856682
857272 857443
856859 858326
857830 858330
856645 857411
857676 857791
856585 856858
856668 858124
856869 856871
857320 857415
