856559 0
856560 6
856561 1
856562 22
856563 14
856564 31
856567 9
856570 33
856571 8
856572 43
856573 44
856574 8
856575 51
856577 5
856578 52
856579 5
856580 33
856581 8
856582 56
856583 34
856584 5
856585 2
856587 58
856589 53
856590 64
856591 16
856592 65
856594 66
856595 8
856596 60
856597 16
856600 3
856601 75
856602 76
856603 77
856604 4
856605 79
856607 58
856608 80
856609 81
856610 82
856612 53
856614 53
856615 83
856617 5
856618 8
856620 84
856621 17
856622 56
856623 8
856624 8
856625 5
856626 8
856627 5
856628 10
856629 4
856630 91
856631 5
856633 35
856634 7
856637 80
856638 5
856639 31
856640 243
856641 102
856642 14
856643 5
856644 23
856645 10
856647 8
856649 7
856650 8
856651 54
856652 32
856653 23
856656 93
856657 37
856658 8
856659 115
856660 7
856661 117
856662 5
856663 111
856665 5
856666 45
856667 53
856668 87
856669 119
856670 5
856671 8
856672 8
856673 25
856674 120
856678 66
856679 7
856680 8
856681 121
856682 121
856684 5
856685 35
856686 127
856687 104
856688 129
856690 9
856691 3
856692 5
856693 7
856696 5
856697 82
856698 26
856699 0
856700 5
856701 6
856702 132
856703 4
856704 27
856705 83
856706 44
856707 9
856708 67
856709 59
856710 10
856711 49
856712 124
856713 108
856714 138
856715 44
856716 80
856717 8
856719 140
856720 88
856722 11
856725 141
856726 5
856727 16
856728 143
856729 143
856730 52
856731 123
856732 144
856733 7
856734 5
856736 8
856737 87
856738 129
856739 6
856740 8
856741 8
856742 8
856743 8
856744 55
856747 8
856748 150
856749 6
856750 27
856751 23
856752 66
856754 8
856755 152
856756 109
856757 254
856758 78
856759 8
856760 150
856761 257
856764 8
856765 8
856766 11
856767 48
856768 5
856770 5
856771 5
856773 46
856774 8
856775 5
856777 98
856778 6
856779 52
856780 23
856781 157
856782 111
856783 148
856784 158
856785 148
856786 160
856787 11
856788 27
856789 234
856790 160
856794 161
856796 8
856797 5
856798 100
856799 52
856800 135
856801 111
856802 16
856803 24
856804 163
856805 6
856806 6
856807 165
856808 70
856809 167
856811 1
856812 28
856813 85
856814 156
856815 45
856816 8
856817 169
856819 243
856820 7
856823 8
856824 170
856825 6
856826 235
856827 78
856828 8
856829 60
856830 5
856831 92
856832 133
856833 8
856834 81
856836 52
856837 125
856839 27
856840 35
856841 11
856842 117
856843 5
856844 1
856845 5
856846 65
856848 11
856851 157
856852 91
856855 172
856856 150
856857 34
856858 53
856859 6
856861 5
856863 27
856869 70
856870 65
856871 70
856872 116
856874 57
856875 56
856876 27
856878 5
856880 46
856881 164
856882 164
856884 133
856885 159
856886 120
856887 66
856889 130
856890 66
856892 4
856893 32
856894 175
856896 176
856897 47
856900 8
856901 98
856902 6
856903 6
856904 138
856905 85
856906 8
856907 38
856908 8
856909 137
856910 44
856911 161
856912 64
856914 36
856916 31
856917 18
856918 33
856919 8
856920 145
856921 104
856922 16
856925 5
856926 177
856927 9
856930 27
856931 178
856932 14
856933 27
856934 255
856935 180
856936 151
856938 39
856939 131
856940 28
856941 124
856942 5
856944 54
856945 8
856946 130
856949 105
856950 67
856951 66
856952 8
856954 53
856955 66
856956 9
856957 164
856959 80
856960 48
856961 0
856962 0
856963 0
856965 257
856966 44
856967 131
856969 0
856970 8
856971 37
856972 184
856973 111
856974 27
856975 8
856976 176
856978 185
856979 43
856981 49
856982 5
856983 27
856985 45
856986 14
856987 19
856988 52
856989 186
856992 6
856993 43
856994 81
856996 101
856998 6
856999 8
857000 16
857001 48
857003 8
857004 43
857005 8
857006 6
857007 62
857008 3
857009 8
857010 8
857011 27
857012 2
857013 8
857014 135
857018 0
857019 60
857020 189
857022 167
857024 171
857025 184
857026 169
857027 56
857029 5
857031 190
857032 44
857033 193
857035 194
857036 5
857037 8
857038 14
857041 84
857042 8
857043 37
857044 43
857045 196
857046 58
857047 175
857048 63
857050 179
857051 78
857052 5
857053 83
857054 8
857055 40
857057 137
857059 14
857060 9
857061 14
857062 125
857064 115
857069 6
857070 195
857071 117
857072 60
857073 54
857074 61
857075 68
857076 170
857077 98
857078 8
857079 48
857080 45
857081 8
857083 195
857084 6
857085 4
857086 88
857088 62
857090 27
857091 54
857092 121
857094 1
857095 6
857096 8
857097 117
857098 135
857099 8
857101 98
857102 162
857103 6
857104 151
857105 5
857106 62
857107 244
857108 8
857110 105
857113 161
857114 29
857115 30
857118 89
857119 72
857120 100
857121 12
857122 12
857127 8
857128 35
857129 62
857130 16
857131 82
857132 130
857133 111
857135 8
857136 152
857137 167
857138 59
857139 4
857141 27
857142 27
857144 107
857145 5
857146 5
857147 72
857149 7
857150 56
857151 201
857152 202
857155 245
857156 124
857157 8
857158 125
857159 86
857160 151
857161 9
857167 108
857168 108
857169 51
857170 4
857172 37
857173 4
857174 124
857175 142
857176 10
857177 112
857178 203
857179 204
857181 13
857182 5
857183 153
857184 178
857185 6
857187 114
857188 172
857191 8
857192 56
857193 30
857196 32
857197 147
857200 151
857201 5
857202 4
857203 8
857204 5
857205 8
857206 32
857208 54
857209 18
857210 65
857211 52
857212 3
857213 42
857215 84
857216 7
857217 205
857218 31
857219 8
857220 86
857221 15
857222 236
857223 119
857224 44
857226 45
857227 249
857228 249
857229 9
857230 206
857231 206
857233 246
857234 107
857235 99
857236 142
857237 6
857238 207
857239 207
857242 44
857244 8
857245 130
857247 126
857248 43
857251 6
857253 5
857254 8
857255 49
857257 30
857258 111
857259 186
857260 20
857261 127
857264 52
857266 163
857269 246
857270 7
857272 8
857273 8
857274 164
857275 5
857278 8
857279 9
857280 208
857281 53
857282 117
857283 13
857284 8
857285 66
857286 210
857287 96
857288 9
857289 134
857290 211
857291 8
857294 37
857295 7
857296 131
857297 87
857298 202
857299 8
857300 166
857302 66
857303 62
857304 8
857305 114
857309 146
857310 8
857311 98
857312 8
857313 110
857314 7
857316 184
857317 122
857318 8
857320 1
857321 122
857322 2
857323 136
857325 2
857326 62
857327 24
857328 122
857329 122
857330 122
857332 50
857333 190
857334 6
857335 7
857336 8
857337 85
857339 5
857340 36
857341 8
857343 196
857344 8
857345 8
857346 191
857347 9
857349 196
857350 213
857352 27
857354 52
857356 30
857357 4
857359 161
857360 172
857361 134
857365 173
857367 31
857368 8
857369 7
857370 48
857375 5
857376 57
857378 28
857379 107
857381 8
857383 6
857385 5
857386 147
857389 8
857391 134
857392 27
857395 8
857396 53
857397 90
857398 8
857399 250
857400 203
857402 214
857404 80
857405 8
857407 68
857409 110
857410 161
857411 10
857412 62
857413 250
857414 27
857415 1
857416 137
857417 101
857420 251
857421 140
857422 8
857423 44
857424 58
857426 123
857428 6
857429 130
857430 188
857431 31
857432 139
857433 56
857434 49
857435 18
857437 5
857438 121
857439 76
857440 8
857441 192
857442 4
857443 8
857444 102
857445 8
857446 8
857447 174
857448 145
857449 9
857451 17
857453 19
857454 8
857455 6
857456 69
857457 146
857458 8
857459 48
857460 74
857461 8
857462 6
857463 204
857464 8
857465 155
857468 8
857469 8
857470 131
857471 96
857472 27
857474 58
857475 15
857477 135
857479 94
857480 24
857481 6
857482 68
857487 8
857488 156
857489 9
857492 6
857493 147
857495 8
857496 7
857497 45
857498 8
857499 27
857500 55
857502 46
857505 86
857506 205
857507 32
857508 8
857509 5
857510 27
857511 70
857513 118
857514 44
857516 98
857517 126
857518 27
857519 5
857521 8
857523 28
857524 61
857526 5
857527 200
857528 8
857529 237
857530 215
857531 216
857532 216
857533 216
857535 122
857536 5
857537 61
857538 107
857539 212
857541 37
857544 8
857548 44
857549 245
857551 15
857552 67
857554 201
857555 27
857558 11
857559 260
857560 154
857561 165
857564 80
857565 74
857567 49
857571 8
857572 103
857575 107
857577 149
857579 218
857580 27
857581 36
857582 89
857583 136
857584 48
857585 4
857587 8
857588 90
857590 52
857593 153
857595 52
857598 44
857599 107
857600 53
857601 216
857602 200
857603 221
857604 235
857605 39
857606 158
857607 8
857608 216
857609 216
857610 238
857611 215
857612 237
857614 110
857615 222
857618 8
857619 27
857622 107
857623 122
857624 8
857626 62
857629 129
857630 120
857631 1
857632 44
857633 39
857634 16
857635 80
857637 133
857638 87
857639 212
857640 122
857641 122
857644 65
857646 223
857647 8
857649 6
857651 239
857652 30
857653 115
857655 5
857656 42
857658 6
857659 10
857660 7
857661 45
857662 8
857664 165
857665 134
857666 8
857667 110
857668 159
857669 217
857670 218
857671 87
857672 7
857673 10
857675 218
857676 93
857679 54
857680 8
857681 6
857682 41
857684 8
857685 112
857686 251
857687 8
857688 210
857689 70
857690 151
857692 70
857693 252
857694 127
857696 247
857698 234
857699 64
857701 17
857703 10
857704 29
857705 45
857706 27
857707 50
857708 180
857710 128
857711 107
857713 137
857714 8
857715 49
857716 82
857717 38
857718 222
857719 93
857722 28
857723 168
857724 225
857725 66
857726 17
857730 8
857731 106
857732 49
857734 71
857735 181
857736 185
857739 212
857740 212
857741 212
857742 107
857743 226
857744 226
857745 71
857746 10
857750 5
857751 8
857752 107
857754 112
857757 52
857758 129
857759 14
857760 168
857761 126
857763 28
857765 227
857768 75
857769 72
857770 27
857771 199
857773 26
857776 31
857777 44
857778 102
857780 66
857781 66
857782 200
857783 23
857784 8
857785 5
857786 31
857790 137
857791 93
857792 42
857796 34
857799 214
857800 238
857801 5
857803 48
857804 216
857805 238
857806 216
857807 216
857808 8
857809 215
857810 216
857811 216
857812 216
857813 237
857814 216
857816 5
857817 203
857822 209
857823 151
857824 8
857826 5
857828 5
857829 23
857830 198
857832 10
857834 27
857836 8
857837 27
857838 67
857839 27
857841 63
857842 104
857843 8
857845 5
857846 226
857847 72
857849 8
857850 183
857851 217
857852 78
857854 7
857856 240
857857 240
857858 107
857859 24
857861 81
857862 9
857863 85
857864 44
857865 42
857866 22
857867 25
857868 4
857870 253
857871 112
857873 8
857874 253
857875 9
857879 126
857880 25
857881 258
857882 50
857883 171
857885 202
857886 44
857888 48
857889 81
857893 192
857894 191
857895 161
857896 143
857897 228
857899 8
857900 92
857901 16
857902 20
857904 30
857905 30
857906 30
857907 220
857909 47
857911 8
857912 8
857913 5
857914 17
857915 8
857917 143
857918 118
857919 6
857920 187
857921 52
857922 66
857925 8
857926 227
857929 151
857930 43
857932 6
857934 256
857935 1
857937 28
857938 115
857939 43
857940 62
857941 5
857945 4
857947 102
857948 6
857949 142
857950 12
857951 7
857952 4
857954 176
857955 89
857958 247
857960 16
857961 10
857962 59
857963 117
857964 258
857966 5
857967 129
857968 49
857970 130
857971 130
857972 53
857973 8
857974 86
857976 5
857978 165
857979 16
857980 84
857981 230
857982 8
857983 92
857984 128
857985 177
857986 49
857989 21
857990 140
857991 162
857992 81
857994 8
857995 202
857996 219
858000 117
858001 126
858002 5
858003 9
858004 229
858005 229
858007 173
858010 94
858011 8
858012 79
858014 5
858015 63
858016 8
858017 8
858018 95
858022 7
858023 16
858024 31
858026 13
858027 225
858028 6
858029 8
858030 52
858033 231
858036 252
858037 151
858040 116
858041 70
858043 263
858045 173
858046 43
858047 78
858050 8
858052 8
858054 8
858055 204
858056 194
858057 231
858058 9
858059 27
858060 124
858063 117
858066 105
858068 75
858069 139
858071 179
858073 107
858076 6
858077 73
858078 193
858079 7
858080 232
858081 255
858082 137
858084 109
858085 83
858086 91
858087 151
858090 165
858091 9
858092 199
858093 16
858095 209
858096 151
858097 59
858098 5
858099 199
858100 35
858101 5
858103 11
858109 233
858111 77
858112 161
858113 142
858114 228
858115 32
858118 161
858119 101
858120 21
858121 117
858122 4
858123 106
858124 6
858129 8
858130 52
858131 27
858133 21
858136 56
858137 78
858138 83
858139 78
858141 172
858142 179
858143 15
858144 248
858146 124
858147 21
858149 92
858150 8
858152 117
858153 88
858155 8
858156 69
858158 123
858159 181
858160 174
858163 32
858164 8
858167 8
858169 226
858170 154
858172 221
858174 208
858175 11
858177 203
858178 130
858179 46
858182 232
858183 213
858184 5
858186 8
858187 66
858190 51
858191 128
858193 44
858195 67
858197 233
858198 5
858200 144
858203 132
858204 12
858207 8
858208 103
858209 81
858210 7
858211 254
858212 52
858213 98
858214 44
858216 65
858218 14
858221 63
858222 52
858223 167
858224 99
858226 166
858227 67
858228 44
858229 181
858230 220
858232 89
858234 67
858235 6
858236 78
858238 171
858243 8
858250 43
858251 112
858252 223
858254 16
858256 261
858259 230
858260 8
858261 133
858262 138
858263 16
858265 17
858266 174
858267 3
858268 3
858269 65
858271 244
858273 41
858274 236
858276 8
858279 112
858280 38
858281 17
858283 197
858284 197
858285 64
858286 79
858289 146
858290 211
858292 259
858294 8
858296 137
858299 43
858301 190
858304 8
858305 41
858309 183
858311 241
858315 84
858317 7
858318 182
858319 259
858320 146
858321 52
858322 92
858323 98
858324 8
858325 5
858326 6
858327 155
858329 248
858330 198
858331 98
858332 188
858333 107
858334 6
858335 241
858336 8
858337 8
858339 8
858340 113
858341 16
858342 115
858343 17
858345 5
858347 74
858349 219
858350 149
858353 66
858355 78
858356 36
858357 6
858358 58
858361 217
858362 188
858363 1
858364 62
858365 189
858366 17
858368 10
858369 8
858373 262
858374 141
858375 141
858377 260
858379 61
858381 261
858382 4
858383 15
858384 15
858385 133
858386 113
858387 224
858389 35
858391 9
858392 121
858393 8
858394 109
858395 56
858396 6
858397 35
858398 52
858399 263
858400 73
858401 239
858402 104
858404 162
858405 40
858406 27
858408 242
858410 14
858411 4
858412 122
858413 49
858415 242
858416 4
858417 95
858418 35
858419 11
858420 217
858425 15
858427 97
858428 15
858429 262
858430 256
858431 182
858433 8
858434 187
858437 97
858440 224
