856559 0
856560 11
856561 1
856562 24
856563 17
856564 34
856567 23
856570 22
856571 9
856572 43
856573 44
856574 52
856575 53
856577 12
856578 54
856579 12
856580 22
856581 9
856582 59
856583 35
856584 12
856585 2
856587 62
856589 55
856590 69
856591 13
856592 70
856594 34
856595 9
856596 64
856597 1
856600 3
856601 80
856602 81
856603 82
856604 2
856605 84
856607 16
856608 87
856609 88
856610 89
856612 55
856614 55
856615 14
856617 12
856618 9
856620 90
856621 9
856622 95
856623 9
856624 9
856625 12
856626 9
856627 12
856628 88
856629 4
856630 96
856631 6
856633 22
856634 1
856637 87
856638 12
856639 34
856640 79
856641 106
856642 17
856643 12
856644 108
856645 13
856647 9
856649 86
856650 9
856651 57
856652 34
856653 25
856656 121
856657 10
856658 9
856659 123
856660 124
856661 56
856662 12
856663 117
856665 6
856666 45
856667 55
856668 17
856669 131
856670 12
856671 9
856672 9
856673 27
856674 119
856678 34
856679 86
856680 9
856681 133
856682 133
856684 6
856685 22
856686 137
856687 109
856688 139
856690 10
856691 79
856692 12
856693 86
856696 12
856697 89
856698 28
856699 5
856700 12
856701 9
856702 142
856703 4
856704 29
856705 14
856706 44
856707 23
856708 71
856709 63
856710 13
856711 50
856712 135
856713 113
856714 66
856715 44
856716 149
856717 39
856719 150
856720 124
856722 16
856725 152
856726 12
856727 4
856728 154
856729 154
856730 54
856731 133
856732 155
856733 5
856734 12
856736 9
856737 17
856738 139
856739 14
856740 9
856741 162
856742 162
856743 162
856744 58
856747 9
856748 163
856749 15
856750 29
856751 25
856752 34
856754 9
856755 164
856756 114
856757 261
856758 110
856759 9
856760 163
856761 264
856764 9
856765 9
856766 16
856767 85
856768 12
856770 9
856771 12
856773 46
856774 9
856775 17
856777 102
856778 14
856779 56
856780 25
856781 169
856782 125
856783 160
856784 170
856785 160
856786 172
856787 16
856788 130
856789 242
856790 172
856794 145
856796 9
856797 6
856798 104
856799 54
856800 135
856801 117
856802 4
856803 26
856804 175
856805 157
856806 7
856807 176
856808 74
856809 177
856811 115
856812 30
856813 91
856814 179
856815 127
856816 9
856817 180
856819 79
856820 8
856823 162
856824 181
856825 88
856826 243
856827 83
856828 9
856829 64
856830 12
856831 97
856832 143
856833 9
856834 88
856836 56
856837 165
856839 93
856840 10
856841 16
856842 56
856843 12
856844 1
856845 12
856846 70
856848 16
856851 169
856852 96
856855 151
856856 163
856857 35
856858 2
856859 158
856861 12
856863 77
856869 184
856870 70
856871 184
856872 123
856874 61
856875 59
856876 32
856878 12
856880 46
856881 157
856882 157
856884 143
856885 171
856886 119
856887 34
856889 188
856890 34
856892 4
856893 34
856894 9
856896 189
856897 47
856900 9
856901 47
856902 72
856903 88
856904 66
856905 91
856906 39
856907 37
856908 9
856909 190
856910 44
856911 145
856912 151
856914 36
856916 4
856917 1
856918 22
856919 9
856920 5
856921 109
856922 161
856925 6
856926 192
856927 10
856930 29
856931 193
856932 17
856933 29
856934 262
856935 194
856936 25
856938 38
856939 141
856940 30
856941 135
856942 12
856944 57
856945 9
856946 140
856949 111
856950 71
856951 34
856952 9
856954 55
856955 34
856956 23
856957 157
856959 87
856960 85
856961 0
856962 0
856963 0
856965 264
856966 44
856967 141
856969 0
856970 9
856971 165
856972 198
856973 117
856974 29
856975 33
856976 189
856978 199
856979 66
856981 144
856982 12
856983 29
856985 127
856986 17
856987 21
856988 54
856989 200
856992 72
856993 173
856994 88
856996 105
856998 72
856999 9
857000 4
857001 85
857003 9
857004 66
857005 9
857006 88
857007 66
857008 3
857009 9
857010 9
857011 29
857012 2
857013 9
857014 174
857018 0
857019 40
857020 202
857022 177
857024 185
857025 198
857026 180
857027 60
857029 12
857031 203
857032 44
857033 206
857035 207
857036 12
857037 39
857038 17
857041 90
857042 9
857043 10
857044 43
857045 208
857046 62
857047 9
857048 68
857050 51
857051 83
857052 12
857053 14
857054 9
857055 9
857057 190
857059 17
857060 10
857061 17
857062 6
857064 123
857069 14
857070 17
857071 56
857072 40
857073 57
857074 195
857075 36
857076 181
857077 145
857078 9
857079 85
857080 127
857081 9
857083 17
857084 88
857085 4
857086 93
857088 66
857090 29
857091 57
857092 133
857094 1
857095 74
857096 9
857097 56
857098 174
857099 9
857101 91
857102 212
857103 88
857104 26
857105 12
857106 66
857107 251
857108 9
857110 111
857113 179
857114 31
857115 33
857118 213
857119 76
857120 104
857121 18
857122 18
857127 9
857128 124
857129 66
857130 67
857131 89
857132 188
857133 117
857135 9
857136 164
857137 177
857138 63
857139 4
857141 93
857142 32
857144 66
857145 12
857146 12
857147 76
857149 8
857150 59
857151 215
857152 216
857155 252
857156 146
857157 72
857158 6
857159 145
857160 26
857161 10
857167 132
857168 132
857169 53
857170 4
857172 10
857173 4
857174 146
857175 153
857176 13
857177 118
857178 217
857179 156
857181 19
857182 12
857183 9
857184 193
857185 14
857187 15
857188 151
857191 9
857192 95
857193 33
857196 34
857197 125
857200 26
857201 12
857202 4
857203 9
857204 12
857205 9
857206 34
857208 17
857209 191
857210 70
857211 54
857212 3
857213 42
857215 149
857216 8
857217 218
857218 4
857219 9
857220 85
857221 141
857222 244
857223 131
857224 44
857226 127
857227 256
857228 256
857229 12
857230 219
857231 219
857233 253
857234 66
857235 103
857236 153
857237 157
857238 220
857239 220
857242 44
857244 9
857245 140
857247 136
857248 43
857251 72
857253 12
857254 9
857255 127
857257 33
857258 117
857259 200
857260 22
857261 137
857264 54
857266 175
857269 253
857270 86
857272 40
857273 40
857274 157
857275 12
857278 52
857279 12
857280 221
857281 55
857282 56
857283 19
857284 9
857285 34
857286 223
857287 100
857288 23
857289 68
857290 35
857291 9
857294 22
857295 8
857296 141
857297 57
857298 216
857299 9
857300 77
857302 34
857303 66
857304 9
857305 15
857309 67
857310 9
857311 145
857312 9
857313 116
857314 2
857316 198
857317 134
857318 9
857320 1
857321 134
857322 2
857323 147
857325 2
857326 66
857327 173
857328 134
857329 134
857330 134
857332 51
857333 203
857334 72
857335 5
857336 40
857337 92
857339 12
857340 36
857341 9
857343 208
857344 9
857345 9
857346 204
857347 23
857349 208
857350 128
857352 17
857354 56
857356 33
857357 4
857359 145
857360 151
857361 224
857365 183
857367 4
857368 66
857369 110
857370 48
857375 12
857376 61
857378 30
857379 40
857381 9
857383 72
857385 12
857386 125
857389 99
857391 224
857392 29
857395 99
857396 55
857397 2
857398 9
857399 257
857400 217
857402 226
857404 87
857405 9
857407 73
857409 116
857410 145
857411 13
857412 66
857413 257
857414 29
857415 1
857416 190
857417 105
857420 258
857421 150
857422 9
857423 49
857424 113
857426 133
857428 158
857429 4
857430 4
857431 4
857432 148
857433 59
857434 51
857435 191
857437 12
857438 133
857439 81
857440 9
857441 205
857442 4
857443 40
857444 106
857445 9
857446 9
857447 187
857448 5
857449 12
857451 18
857453 21
857454 9
857455 158
857456 73
857457 209
857458 9
857459 85
857460 70
857461 52
857462 11
857463 156
857464 10
857465 167
857468 9
857469 9
857470 141
857471 100
857472 29
857474 16
857475 23
857477 44
857479 3
857480 26
857481 20
857482 73
857487 9
857488 102
857489 23
857492 20
857493 156
857495 9
857496 97
857497 45
857498 9
857499 29
857500 58
857502 46
857505 85
857506 218
857507 34
857508 9
857509 12
857510 29
857511 184
857513 128
857514 44
857516 47
857517 136
857518 17
857519 12
857521 9
857523 30
857524 195
857526 17
857527 66
857528 9
857529 245
857530 227
857531 227
857532 227
857533 227
857535 134
857536 182
857537 65
857538 66
857539 225
857541 10
857544 9
857548 44
857549 252
857551 9
857552 71
857554 215
857555 130
857558 16
857559 267
857560 166
857561 176
857564 87
857565 42
857567 50
857571 9
857572 108
857575 66
857577 9
857579 228
857580 63
857581 98
857582 95
857583 147
857584 50
857585 214
857587 9
857588 2
857590 54
857593 9
857595 54
857598 44
857599 66
857600 55
857601 227
857602 66
857603 230
857604 243
857605 38
857606 170
857607 39
857608 227
857609 227
857610 246
857611 227
857612 245
857614 116
857615 231
857618 9
857619 77
857622 66
857623 134
857624 232
857626 66
857629 139
857630 119
857631 115
857632 49
857633 38
857634 55
857635 87
857637 143
857638 129
857639 225
857640 134
857641 134
857644 70
857646 233
857647 9
857649 14
857651 247
857652 33
857653 210
857655 12
857656 42
857658 14
857659 13
857660 110
857661 45
857662 9
857664 176
857665 224
857666 9
857667 116
857668 171
857669 182
857670 228
857671 130
857672 8
857673 13
857675 228
857676 57
857679 57
857680 52
857681 14
857682 41
857684 9
857685 118
857686 258
857687 9
857688 223
857689 186
857690 196
857692 74
857693 259
857694 137
857696 254
857698 242
857699 69
857701 94
857703 13
857704 31
857705 127
857706 32
857707 51
857708 194
857710 138
857711 40
857713 126
857714 9
857715 50
857716 89
857717 37
857718 231
857719 99
857722 30
857723 178
857724 235
857725 34
857726 94
857730 9
857731 112
857732 50
857734 75
857735 140
857736 199
857739 225
857740 225
857741 225
857742 31
857743 122
857744 122
857745 75
857746 13
857750 12
857751 52
857752 66
857754 118
857757 56
857758 139
857759 11
857760 178
857761 136
857763 30
857765 236
857768 80
857769 76
857770 29
857771 66
857773 28
857776 4
857777 49
857778 106
857780 34
857781 34
857782 66
857783 108
857784 9
857785 12
857786 4
857790 126
857791 121
857792 42
857796 35
857799 226
857800 246
857801 12
857803 85
857804 227
857805 246
857806 227
857807 227
857808 9
857809 227
857810 227
857811 227
857812 227
857813 245
857814 227
857816 126
857817 217
857822 222
857823 196
857824 9
857826 12
857828 12
857829 25
857830 1
857832 13
857834 52
857836 9
857837 42
857838 71
857839 32
857841 68
857842 109
857843 9
857845 12
857846 122
857847 76
857849 9
857850 197
857851 182
857852 83
857854 66
857856 248
857857 248
857858 66
857859 119
857861 88
857862 42
857863 92
857864 44
857865 42
857866 24
857867 27
857868 12
857870 260
857871 27
857873 9
857874 260
857875 23
857879 136
857880 27
857881 265
857882 51
857883 143
857885 216
857886 49
857888 48
857889 88
857893 205
857894 204
857895 145
857896 154
857897 237
857899 9
857900 97
857901 78
857902 22
857904 33
857905 33
857906 33
857907 168
857909 47
857911 9
857912 9
857913 12
857914 94
857915 9
857917 154
857918 129
857919 20
857920 201
857921 54
857922 34
857925 52
857926 236
857929 26
857930 43
857932 20
857934 263
857935 1
857937 30
857938 210
857939 43
857940 66
857941 12
857945 4
857947 106
857948 72
857949 153
857950 18
857951 1
857952 4
857954 189
857955 95
857958 254
857960 67
857961 13
857962 63
857963 56
857964 265
857966 12
857967 133
857968 144
857970 188
857971 188
857972 55
857973 40
857974 145
857976 141
857978 176
857979 13
857980 90
857981 239
857982 9
857983 97
857984 138
857985 192
857986 127
857989 122
857990 130
857991 88
857992 88
857994 9
857995 216
857996 229
858000 56
858001 66
858002 12
858003 23
858004 238
858005 238
858007 183
858010 3
858011 9
858012 84
858014 1
858015 68
858016 9
858017 9
858018 96
858022 8
858023 161
858024 4
858026 19
858027 235
858028 9
858029 9
858030 54
858033 240
858036 259
858037 196
858040 123
858041 184
858043 270
858045 183
858046 66
858047 83
858050 52
858052 9
858054 232
858055 156
858056 207
858057 240
858058 12
858059 32
858060 135
858063 56
858066 111
858068 80
858069 148
858071 51
858073 66
858076 159
858077 9
858078 206
858079 183
858080 159
858081 262
858082 9
858084 114
858085 107
858086 96
858087 196
858090 176
858091 23
858092 66
858093 78
858095 222
858096 196
858097 62
858098 6
858099 66
858100 101
858101 12
858103 16
858109 241
858111 82
858112 50
858113 153
858114 237
858115 34
858118 145
858119 105
858120 122
858121 56
858122 4
858123 112
858124 17
858129 9
858130 54
858131 77
858133 122
858136 60
858137 83
858138 107
858139 83
858141 151
858142 51
858143 9
858144 255
858146 135
858147 1
858149 97
858150 9
858152 56
858153 93
858155 9
858156 73
858158 133
858159 140
858160 187
858163 34
858164 9
858167 9
858169 122
858170 166
858172 230
858174 221
858175 16
858177 217
858178 4
858179 46
858182 159
858183 128
858184 6
858186 9
858187 34
858190 53
858191 138
858193 44
858195 71
858197 241
858198 12
858200 155
858203 142
858204 18
858207 9
858208 173
858209 88
858210 86
858211 261
858212 54
858213 102
858214 44
858216 70
858218 17
858221 68
858222 54
858223 177
858224 103
858226 36
858227 71
858228 49
858229 140
858230 168
858232 213
858234 7
858235 88
858236 83
858238 185
858243 39
858250 43
858251 118
858252 233
858254 161
858256 268
858259 239
858260 9
858261 143
858262 66
858263 161
858265 94
858266 187
858267 3
858268 3
858269 70
858271 251
858273 41
858274 244
858276 9
858279 118
858280 37
858281 94
858283 211
858284 211
858285 69
858286 84
858289 78
858290 35
858292 266
858294 9
858296 190
858299 43
858301 203
858304 9
858305 41
858309 197
858311 249
858315 90
858317 6
858318 186
858319 266
858320 209
858321 54
858322 97
858323 168
858324 9
858325 12
858326 158
858327 167
858329 255
858330 1
858331 102
858332 133
858333 66
858334 72
858335 249
858336 40
858337 40
858339 212
858340 120
858341 67
858342 123
858343 94
858345 12
858347 70
858349 229
858350 9
858353 34
858355 83
858356 98
858357 88
858358 62
858361 182
858362 133
858363 115
858364 66
858365 202
858366 35
858368 13
858369 9
858373 269
858374 152
858375 152
858377 267
858379 65
858381 268
858382 2
858383 11
858384 11
858385 143
858386 120
858387 234
858389 4
858391 23
858392 133
858393 9
858394 114
858395 59
858396 7
858397 101
858398 54
858399 270
858400 9
858401 247
858402 109
858404 212
858405 16
858406 42
858408 250
858410 17
858411 214
858412 134
858413 144
858415 250
858416 4
858417 96
858418 124
858419 16
858420 182
858425 11
858427 22
858428 11
858429 269
858430 263
858431 186
858433 52
858434 201
858437 22
858440 234
