856559 0
856560 11
856561 1
856562 24
856563 18
856564 4
856567 23
856570 32
856571 14
856572 39
856573 40
856574 45
856575 46
856577 12
856578 47
856579 12
856580 32
856581 49
856582 51
856583 33
856584 12
856585 2
856587 9
856589 2
856590 60
856591 13
856592 61
856594 31
856595 14
856596 54
856597 1
856600 3
856601 72
856602 73
856603 74
856604 75
856605 44
856607 9
856608 80
856609 81
856610 82
856612 2
856614 2
856615 83
856617 12
856618 14
856620 84
856621 9
856622 86
856623 14
856624 14
856625 12
856626 14
856627 12
856628 81
856629 4
856630 88
856631 68
856633 32
856634 22
856637 80
856638 12
856639 4
856640 3
856641 97
856642 18
856643 12
856644 25
856645 13
856647 49
856649 78
856650 14
856651 9
856652 31
856653 25
856656 9
856657 9
856658 14
856659 111
856660 5
856661 113
856662 12
856663 107
856665 20
856666 41
856667 2
856668 9
856669 117
856670 12
856671 62
856672 14
856673 26
856674 118
856678 31
856679 78
856680 14
856681 119
856682 119
856684 20
856685 32
856686 125
856687 100
856688 127
856690 13
856691 3
856692 12
856693 78
856696 12
856697 47
856698 27
856699 5
856700 12
856701 14
856702 130
856703 4
856704 6
856705 83
856706 40
856707 23
856708 62
856709 9
856710 13
856711 43
856712 123
856713 56
856714 135
856715 40
856716 137
856717 14
856719 138
856720 9
856722 14
856725 139
856726 12
856727 1
856728 141
856729 141
856730 48
856731 122
856732 142
856733 5
856734 12
856736 14
856737 9
856738 122
856739 11
856740 9
856741 147
856742 147
856743 147
856744 50
856747 14
856748 149
856749 9
856750 79
856751 25
856752 31
856754 14
856755 150
856756 105
856757 258
856758 5
856759 14
856760 149
856761 261
856764 14
856765 68
856766 15
856767 77
856768 12
856770 20
856771 12
856773 42
856774 14
856775 12
856777 42
856778 11
856779 47
856780 31
856781 156
856782 114
856783 145
856784 157
856785 145
856786 159
856787 15
856788 20
856789 239
856790 159
856794 160
856796 14
856797 6
856798 95
856799 47
856800 123
856801 107
856802 4
856803 108
856804 165
856805 11
856806 7
856807 168
856808 64
856809 170
856811 106
856812 28
856813 42
856814 154
856815 115
856816 14
856817 101
856819 3
856820 8
856823 147
856824 171
856825 81
856826 240
856827 76
856828 14
856829 54
856830 12
856831 89
856832 4
856833 14
856834 81
856836 47
856837 20
856839 9
856840 32
856841 15
856842 113
856843 12
856844 1
856845 12
856846 61
856848 15
856851 156
856852 88
856855 169
856856 149
856857 33
856858 2
856859 144
856861 12
856863 6
856869 92
856870 61
856871 176
856872 111
856874 53
856875 51
856876 14
856878 12
856880 152
856881 166
856882 166
856884 172
856885 158
856886 118
856887 31
856889 179
856890 31
856892 4
856893 31
856894 180
856896 167
856897 40
856900 14
856901 181
856902 7
856903 81
856904 135
856905 42
856906 14
856907 32
856908 14
856909 134
856910 40
856911 160
856912 6
856914 34
856916 4
856917 20
856918 32
856919 14
856920 143
856921 100
856922 146
856925 68
856926 112
856927 10
856930 57
856931 184
856932 18
856933 20
856934 259
856935 186
856936 25
856938 35
856939 129
856940 28
856941 123
856942 12
856944 9
856945 14
856946 128
856949 102
856950 62
856951 31
856952 14
856954 2
856955 31
856956 23
856957 166
856959 80
856960 77
856961 0
856962 0
856963 0
856965 261
856966 40
856967 129
856969 0
856970 14
856971 161
856972 187
856973 107
856974 57
856975 30
856976 167
856978 188
856979 58
856981 131
856982 12
856983 57
856985 115
856986 18
856987 21
856988 47
856989 190
856992 7
856993 39
856994 173
856996 96
856998 7
856999 14
857000 4
857001 77
857003 14
857004 58
857005 14
857006 81
857007 58
857008 71
857009 14
857010 9
857011 57
857012 2
857013 14
857014 163
857018 0
857019 36
857020 193
857022 170
857024 177
857025 187
857026 101
857027 52
857029 12
857031 194
857032 40
857033 196
857035 197
857036 12
857037 14
857038 18
857041 84
857042 14
857043 10
857044 39
857045 200
857046 9
857047 180
857048 59
857050 185
857051 201
857052 12
857053 83
857054 14
857055 31
857057 134
857059 18
857060 10
857061 18
857062 20
857064 112
857069 11
857070 198
857071 113
857072 36
857073 9
857074 186
857075 63
857076 171
857077 42
857078 14
857079 77
857080 115
857081 69
857083 198
857084 81
857085 4
857086 9
857088 58
857090 4
857091 9
857092 119
857094 22
857095 64
857096 14
857097 113
857098 163
857099 14
857101 42
857102 162
857103 81
857104 164
857105 12
857106 58
857107 248
857108 14
857110 102
857113 40
857114 29
857115 30
857118 204
857119 205
857120 95
857121 16
857122 16
857127 14
857128 92
857129 58
857130 9
857131 82
857132 179
857133 107
857135 14
857136 150
857137 170
857138 9
857139 4
857141 9
857142 14
857144 135
857145 12
857146 12
857147 205
857149 8
857150 51
857151 207
857152 12
857155 249
857156 132
857157 9
857158 20
857159 160
857160 164
857161 10
857167 62
857168 62
857169 46
857170 4
857172 9
857173 4
857174 132
857175 140
857176 13
857177 108
857178 208
857179 121
857181 17
857182 29
857183 151
857184 184
857185 11
857187 9
857188 169
857191 14
857192 86
857193 30
857196 31
857197 114
857200 164
857201 12
857202 4
857203 14
857204 12
857205 14
857206 31
857208 9
857209 183
857210 61
857211 47
857212 4
857213 37
857215 137
857216 8
857217 209
857218 4
857219 14
857220 85
857221 129
857222 241
857223 117
857224 40
857226 115
857227 253
857228 253
857229 12
857230 210
857231 210
857233 250
857234 58
857235 94
857236 140
857237 11
857238 38
857239 38
857242 40
857244 14
857245 128
857247 124
857248 39
857251 7
857253 12
857254 14
857255 189
857257 30
857258 107
857259 190
857260 9
857261 125
857264 47
857266 165
857269 250
857270 78
857272 36
857273 36
857274 166
857275 12
857278 45
857279 12
857280 211
857281 2
857282 113
857283 17
857284 162
857285 31
857286 213
857287 91
857288 23
857289 6
857290 215
857291 14
857294 32
857295 8
857296 129
857297 9
857298 12
857299 14
857300 169
857302 31
857303 58
857304 14
857305 9
857309 5
857310 14
857311 42
857312 14
857313 70
857314 55
857316 187
857317 120
857318 14
857320 1
857321 120
857322 2
857323 133
857325 2
857326 58
857327 95
857328 120
857329 120
857330 120
857332 44
857333 194
857334 7
857335 56
857336 36
857337 40
857339 12
857340 34
857341 14
857343 200
857344 14
857345 14
857346 195
857347 23
857349 137
857350 35
857352 18
857354 113
857356 30
857357 4
857359 182
857360 169
857361 214
857365 175
857367 4
857368 58
857369 5
857370 40
857375 12
857376 53
857378 28
857379 36
857381 14
857383 7
857385 12
857386 114
857389 22
857391 214
857392 57
857395 9
857396 2
857397 87
857398 14
857399 254
857400 208
857402 217
857404 80
857405 14
857407 63
857409 70
857410 182
857411 13
857412 58
857413 254
857414 57
857415 1
857416 134
857417 96
857420 255
857421 138
857422 14
857423 41
857424 56
857426 122
857428 144
857429 4
857430 192
857431 4
857432 136
857433 51
857434 185
857435 183
857437 12
857438 121
857439 73
857440 14
857441 40
857442 4
857443 36
857444 97
857445 14
857446 14
857447 155
857448 143
857449 12
857451 16
857453 21
857454 14
857455 144
857456 63
857457 70
857458 14
857459 77
857460 61
857461 45
857462 11
857463 121
857464 161
857465 153
857468 49
857469 14
857470 129
857471 91
857472 79
857474 79
857475 19
857477 40
857479 71
857480 24
857481 11
857482 55
857487 68
857488 154
857489 23
857492 11
857493 121
857495 14
857496 89
857497 41
857498 14
857499 14
857500 50
857502 42
857505 85
857506 209
857507 101
857508 14
857509 12
857510 57
857511 176
857513 35
857514 40
857516 181
857517 124
857518 18
857519 12
857521 49
857523 28
857524 186
857526 9
857527 58
857528 14
857529 242
857530 218
857531 219
857532 219
857533 219
857535 120
857536 12
857537 6
857538 135
857539 216
857541 10
857544 14
857548 40
857549 249
857551 19
857552 62
857554 207
857555 20
857558 6
857559 264
857560 68
857561 168
857564 80
857565 61
857567 43
857571 14
857572 99
857575 199
857577 148
857579 221
857580 9
857581 34
857582 86
857583 133
857584 43
857585 206
857587 14
857588 87
857590 47
857593 151
857595 48
857598 40
857599 104
857600 2
857601 219
857602 58
857603 224
857604 240
857605 35
857606 157
857607 14
857608 219
857609 219
857610 243
857611 218
857612 242
857614 70
857615 225
857618 14
857619 79
857622 36
857623 120
857624 226
857626 58
857629 127
857630 118
857631 106
857632 41
857633 35
857634 1
857635 80
857637 4
857638 35
857639 216
857640 120
857641 120
857644 61
857646 227
857647 14
857649 11
857651 244
857652 30
857653 202
857655 12
857656 37
857658 11
857659 13
857660 5
857661 115
857662 14
857664 168
857665 214
857666 49
857667 70
857668 158
857669 220
857670 221
857671 116
857672 8
857673 13
857675 221
857676 9
857679 9
857680 45
857681 11
857682 14
857684 14
857685 108
857686 255
857687 14
857688 213
857689 178
857690 164
857692 64
857693 256
857694 125
857696 251
857698 239
857699 60
857701 16
857703 13
857704 29
857705 115
857706 14
857707 44
857708 186
857710 126
857711 36
857713 134
857714 14
857715 43
857716 82
857717 32
857718 225
857719 9
857722 28
857723 37
857724 230
857725 31
857726 16
857730 69
857731 103
857732 43
857734 65
857735 128
857736 188
857739 216
857740 216
857741 216
857742 9
857743 231
857744 231
857745 65
857746 81
857750 12
857751 45
857752 36
857754 108
857757 47
857758 127
857759 18
857760 37
857761 124
857763 28
857765 232
857768 72
857769 31
857770 20
857771 58
857773 27
857776 4
857777 41
857778 97
857780 31
857781 31
857782 58
857783 25
857784 14
857785 12
857786 4
857790 134
857791 9
857792 37
857796 33
857799 217
857800 243
857801 12
857803 77
857804 219
857805 243
857806 219
857807 219
857808 69
857809 218
857810 219
857811 219
857812 219
857813 242
857814 219
857816 29
857817 208
857822 212
857823 164
857824 49
857826 12
857828 12
857829 25
857830 22
857832 13
857834 45
857836 14
857837 38
857838 62
857839 9
857841 59
857842 100
857843 174
857845 12
857846 231
857847 205
857849 174
857850 108
857851 220
857852 76
857854 5
857856 245
857857 245
857858 199
857859 36
857861 173
857862 23
857863 40
857864 40
857865 37
857866 24
857867 26
857868 12
857870 257
857871 26
857873 174
857874 257
857875 23
857879 124
857880 26
857881 262
857882 44
857883 4
857885 12
857886 41
857888 40
857889 81
857893 40
857894 195
857895 182
857896 141
857897 233
857899 14
857900 89
857901 70
857902 9
857904 30
857905 30
857906 30
857907 223
857909 123
857911 14
857912 49
857913 12
857914 16
857915 14
857917 141
857918 35
857919 144
857920 191
857921 47
857922 31
857925 45
857926 232
857929 164
857930 39
857932 144
857934 260
857935 146
857937 28
857938 202
857939 39
857940 58
857941 12
857945 4
857947 97
857948 7
857949 140
857950 16
857951 22
857952 4
857954 167
857955 86
857958 251
857960 161
857961 13
857962 9
857963 113
857964 262
857966 12
857967 121
857968 131
857970 179
857971 179
857972 2
857973 36
857974 160
857976 129
857978 168
857979 13
857980 84
857981 235
857982 14
857983 89
857984 156
857985 112
857986 189
857989 110
857990 116
857991 162
857992 173
857994 14
857995 12
857996 222
858000 113
858001 135
858002 12
858003 23
858004 234
858005 234
858007 175
858010 71
858011 14
858012 44
858014 29
858015 59
858016 14
858017 14
858018 90
858022 8
858023 146
858024 4
858026 17
858027 230
858028 14
858029 14
858030 47
858033 236
858036 256
858037 164
858040 111
858041 176
858043 267
858045 175
858046 58
858047 76
858050 45
858052 14
858054 226
858055 121
858056 197
858057 236
858058 12
858059 14
858060 123
858063 113
858066 102
858068 72
858069 136
858071 185
858073 135
858076 11
858077 67
858078 196
858079 55
858080 237
858081 259
858082 14
858084 28
858085 98
858086 88
858087 164
858090 168
858091 23
858092 58
858093 70
858095 212
858096 164
858097 9
858098 20
858099 58
858100 92
858101 12
858103 15
858109 238
858111 74
858112 160
858113 140
858114 233
858115 31
858118 182
858119 96
858120 110
858121 47
858122 4
858123 103
858124 9
858129 14
858130 47
858131 79
858133 110
858136 52
858137 76
858138 98
858139 76
858141 169
858142 185
858143 144
858144 252
858146 123
858147 9
858149 89
858150 14
858152 113
858153 9
858155 14
858156 63
858158 122
858159 128
858160 155
858163 31
858164 14
858167 14
858169 110
858170 68
858172 224
858174 211
858175 15
858177 208
858178 4
858179 152
858182 237
858183 35
858184 20
858186 14
858187 31
858190 46
858191 126
858193 40
858195 62
858197 238
858198 12
858200 142
858203 130
858204 16
858207 14
858208 99
858209 173
858210 78
858211 258
858212 47
858213 42
858214 40
858216 61
858218 18
858221 59
858222 48
858223 170
858224 94
858226 169
858227 66
858228 41
858229 128
858230 223
858232 204
858234 66
858235 81
858236 167
858238 177
858243 14
858250 39
858251 108
858252 227
858254 146
858256 265
858259 235
858260 49
858261 4
858262 135
858263 146
858265 16
858266 155
858267 71
858268 3
858269 61
858271 248
858273 229
858274 241
858276 14
858279 108
858280 32
858281 16
858283 203
858284 203
858285 60
858286 44
858289 70
858290 215
858292 263
858294 14
858296 134
858299 39
858301 194
858304 14
858305 229
858309 108
858311 246
858315 84
858317 6
858318 178
858319 263
858320 201
858321 47
858322 89
858323 155
858324 14
858325 12
858326 144
858327 153
858329 252
858330 22
858331 42
858332 192
858333 104
858334 7
858335 246
858336 36
858337 36
858339 162
858340 109
858341 9
858342 112
858343 16
858345 12
858347 61
858349 222
858350 148
858353 31
858355 76
858356 34
858357 81
858358 9
858361 220
858362 192
858363 106
858364 58
858365 193
858366 16
858368 13
858369 14
858373 266
858374 139
858375 139
858377 264
858379 6
858381 265
858382 75
858383 19
858384 19
858385 172
858386 109
858387 228
858389 92
858391 23
858392 119
858393 14
858394 105
858395 51
858396 9
858397 92
858398 47
858399 267
858400 67
858401 244
858402 100
858404 162
858405 31
858406 38
858408 247
858410 18
858411 206
858412 120
858413 131
858415 247
858416 4
858417 90
858418 92
858419 15
858420 12
858425 19
858427 93
858428 19
858429 266
858430 260
858431 178
858433 45
858434 191
858437 93
858440 228
