856559 0
856560 10
856561 1
856562 24
856563 27
856564 33
856567 22
856570 35
856571 9
856572 45
856573 46
856574 55
856575 56
856577 11
856578 57
856579 11
856580 36
856581 62
856582 65
856583 35
856584 11
856585 2
856587 68
856589 58
856590 70
856591 12
856592 71
856594 33
856595 9
856596 69
856597 18
856600 3
856601 80
856602 81
856603 82
856604 30
856605 84
856607 10
856608 86
856609 87
856610 88
856612 58
856614 58
856615 89
856617 11
856618 9
856620 50
856621 19
856622 91
856623 9
856624 9
856625 11
856626 9
856627 11
856628 19
856629 4
856630 93
856631 6
856633 36
856634 18
856637 86
856638 11
856639 34
856640 243
856641 103
856642 27
856643 11
856644 25
856645 12
856647 63
856649 85
856650 9
856651 61
856652 33
856653 25
856656 61
856657 38
856658 9
856659 119
856660 121
856661 122
856662 11
856663 115
856665 21
856666 47
856667 58
856668 19
856669 128
856670 11
856671 9
856672 9
856673 24
856674 130
856678 33
856679 85
856680 9
856681 131
856682 131
856684 100
856685 36
856686 135
856687 106
856688 13
856690 12
856691 3
856692 11
856693 85
856696 11
856697 88
856698 28
856699 5
856700 11
856701 9
856702 138
856703 34
856704 29
856705 89
856706 52
856707 22
856708 72
856709 21
856710 12
856711 53
856712 133
856713 111
856714 45
856715 46
856716 86
856717 9
856719 146
856720 121
856722 10
856725 123
856726 11
856727 18
856728 148
856729 148
856730 59
856731 131
856732 149
856733 5
856734 11
856736 9
856737 19
856738 151
856739 13
856740 9
856741 9
856742 9
856743 9
856744 64
856747 9
856748 154
856749 11
856750 90
856751 25
856752 33
856754 9
856755 156
856756 112
856757 254
856758 108
856759 9
856760 154
856761 257
856764 9
856765 9
856766 10
856767 53
856768 11
856770 9
856771 11
856773 48
856774 9
856775 11
856777 99
856778 13
856779 60
856780 33
856781 162
856782 123
856783 153
856784 163
856785 153
856786 165
856787 10
856788 9
856789 234
856790 165
856794 99
856796 9
856797 6
856798 101
856799 122
856800 142
856801 115
856802 4
856803 155
856804 167
856805 152
856806 7
856807 168
856808 74
856809 169
856811 113
856812 30
856813 50
856814 160
856815 47
856816 9
856817 107
856819 243
856820 8
856823 9
856824 33
856825 30
856826 235
856827 83
856828 9
856829 69
856830 11
856831 94
856832 139
856833 9
856834 87
856836 122
856837 112
856839 27
856840 35
856841 10
856842 122
856843 11
856844 1
856845 11
856846 71
856848 10
856851 162
856852 93
856855 177
856856 154
856857 12
856858 58
856859 13
856861 11
856863 38
856869 98
856870 71
856871 98
856872 120
856874 67
856875 65
856876 29
856878 11
856880 48
856881 152
856882 152
856884 171
856885 164
856886 130
856887 33
856889 110
856890 33
856892 30
856893 33
856894 179
856896 180
856897 49
856900 9
856901 181
856902 16
856903 30
856904 45
856905 170
856906 9
856907 39
856908 9
856909 182
856910 46
856911 99
856912 6
856914 18
856916 34
856917 20
856918 37
856919 9
856920 150
856921 106
856922 31
856925 6
856926 185
856927 12
856930 29
856931 186
856932 27
856933 29
856934 255
856935 140
856936 155
856938 40
856939 137
856940 30
856941 133
856942 11
856944 110
856945 9
856946 110
856949 109
856950 72
856951 33
856952 9
856954 58
856955 33
856956 22
856957 152
856959 86
856960 53
856961 0
856962 0
856963 0
856965 257
856966 46
856967 137
856969 0
856970 9
856971 173
856972 187
856973 115
856974 29
856975 21
856976 180
856978 188
856979 45
856981 141
856982 11
856983 29
856985 50
856986 27
856987 1
856988 57
856989 190
856992 7
856993 45
856994 87
856996 102
856998 7
856999 9
857000 18
857001 53
857003 9
857004 45
857005 9
857006 30
857007 45
857008 79
857009 9
857010 9
857011 29
857012 2
857013 9
857014 142
857018 0
857019 69
857020 193
857022 169
857024 172
857025 187
857026 107
857027 66
857029 11
857031 194
857032 46
857033 196
857035 197
857036 11
857037 9
857038 27
857041 50
857042 9
857043 38
857044 45
857045 198
857046 68
857047 179
857048 20
857050 54
857051 199
857052 11
857053 89
857054 9
857055 41
857057 182
857059 27
857060 11
857061 27
857062 9
857064 119
857069 13
857070 27
857071 122
857072 69
857073 126
857074 140
857075 18
857076 33
857077 99
857078 9
857079 51
857080 47
857081 9
857083 27
857084 30
857085 4
857086 19
857088 45
857090 29
857091 61
857092 131
857094 11
857095 74
857096 9
857097 122
857098 142
857099 9
857101 99
857102 166
857103 30
857104 155
857105 11
857106 45
857107 244
857108 9
857110 109
857113 183
857114 31
857115 32
857118 202
857119 76
857120 101
857121 14
857122 14
857127 9
857128 121
857129 45
857130 10
857131 88
857132 110
857133 115
857135 9
857136 156
857137 169
857138 21
857139 4
857141 27
857142 29
857144 45
857145 11
857146 11
857147 76
857149 8
857150 65
857151 203
857152 204
857155 245
857156 143
857157 111
857158 45
857159 99
857160 155
857161 2
857167 129
857168 129
857169 56
857170 4
857172 38
857173 4
857174 143
857175 147
857176 12
857177 116
857178 205
857179 206
857181 15
857182 11
857183 158
857184 186
857185 13
857187 118
857188 177
857191 9
857192 91
857193 32
857196 33
857197 174
857200 155
857201 11
857202 4
857203 9
857204 11
857205 9
857206 33
857208 110
857209 184
857210 77
857211 57
857212 3
857213 44
857215 145
857216 8
857217 207
857218 34
857219 9
857220 53
857221 137
857222 236
857223 128
857224 46
857226 47
857227 249
857228 249
857229 11
857230 208
857231 208
857233 246
857234 45
857235 100
857236 147
857237 152
857238 9
857239 9
857242 52
857244 9
857245 110
857247 134
857248 45
857251 7
857253 11
857254 9
857255 189
857257 32
857258 115
857259 190
857260 21
857261 135
857264 57
857266 167
857269 246
857270 85
857272 42
857273 42
857274 152
857275 11
857278 55
857279 11
857280 209
857281 58
857282 122
857283 15
857284 9
857285 33
857286 211
857287 96
857288 22
857289 29
857290 213
857291 9
857294 38
857295 8
857296 137
857297 126
857298 204
857299 9
857300 10
857302 33
857303 45
857304 9
857305 118
857309 5
857310 9
857311 99
857312 9
857313 114
857314 18
857316 187
857317 132
857318 9
857320 2
857321 132
857322 2
857323 125
857325 2
857326 38
857327 101
857328 132
857329 132
857330 132
857332 54
857333 195
857334 16
857335 5
857336 42
857337 50
857339 11
857340 18
857341 9
857343 198
857344 9
857345 9
857346 194
857347 22
857349 145
857350 127
857352 14
857354 60
857356 32
857357 34
857359 99
857360 177
857361 212
857365 37
857367 34
857368 45
857369 108
857370 50
857375 11
857376 67
857378 176
857379 45
857381 9
857383 16
857385 11
857386 174
857389 200
857391 212
857392 29
857395 200
857396 58
857397 92
857398 9
857399 250
857400 205
857402 215
857404 86
857405 9
857407 18
857409 114
857410 99
857411 12
857412 45
857413 250
857414 29
857415 2
857416 182
857417 102
857420 251
857421 146
857422 9
857423 51
857424 68
857426 131
857428 13
857429 110
857430 192
857431 34
857432 144
857433 65
857434 54
857435 184
857437 11
857438 131
857439 81
857440 9
857441 183
857442 4
857443 42
857444 103
857445 9
857446 9
857447 161
857448 150
857449 11
857451 14
857453 1
857454 9
857455 13
857456 73
857457 110
857458 9
857459 53
857460 77
857461 55
857462 10
857463 206
857464 12
857465 48
857468 63
857469 9
857470 137
857471 96
857472 90
857474 12
857475 9
857477 142
857479 79
857480 26
857481 16
857482 18
857487 9
857488 160
857489 22
857492 16
857493 151
857495 9
857496 94
857497 47
857498 9
857499 29
857500 64
857502 48
857505 53
857506 207
857507 107
857508 9
857509 11
857510 29
857511 98
857513 127
857514 46
857516 181
857517 134
857518 27
857519 11
857521 63
857523 30
857524 140
857526 19
857527 45
857528 9
857529 237
857530 216
857531 217
857532 217
857533 217
857535 132
857536 175
857537 2
857538 45
857539 214
857541 35
857544 9
857548 52
857549 245
857551 9
857552 72
857554 203
857555 9
857558 10
857559 260
857560 159
857561 168
857564 86
857565 77
857567 53
857571 9
857572 105
857575 45
857577 14
857579 218
857580 113
857581 79
857582 91
857583 125
857584 53
857585 219
857587 10
857588 92
857590 57
857593 158
857595 59
857598 46
857599 45
857600 58
857601 217
857602 45
857603 221
857604 235
857605 40
857606 163
857607 9
857608 217
857609 217
857610 238
857611 216
857612 237
857614 114
857615 222
857618 9
857619 90
857622 45
857623 132
857624 223
857626 45
857629 13
857630 130
857631 113
857632 52
857633 40
857634 18
857635 86
857637 139
857638 19
857639 214
857640 132
857641 132
857644 71
857646 224
857647 9
857649 13
857651 239
857652 32
857653 119
857655 11
857656 44
857658 13
857659 12
857660 108
857661 125
857662 9
857664 168
857665 212
857666 62
857667 114
857668 164
857669 175
857670 218
857671 19
857672 8
857673 12
857675 218
857676 61
857679 61
857680 55
857681 13
857682 43
857684 9
857685 116
857686 251
857687 9
857688 211
857689 178
857690 155
857692 74
857693 252
857694 135
857696 247
857698 234
857699 70
857701 14
857703 12
857704 31
857705 50
857706 29
857707 54
857708 140
857710 136
857711 45
857713 124
857714 9
857715 53
857716 88
857717 39
857718 222
857719 61
857722 176
857723 44
857724 226
857725 33
857726 14
857730 9
857731 110
857732 53
857734 75
857735 110
857736 188
857739 214
857740 214
857741 214
857742 45
857743 227
857744 227
857745 75
857746 12
857750 11
857751 55
857752 45
857754 116
857757 60
857758 13
857759 10
857760 30
857761 134
857763 30
857765 228
857768 80
857769 76
857770 29
857771 45
857773 28
857776 34
857777 51
857778 103
857780 33
857781 33
857782 45
857783 25
857784 9
857785 11
857786 34
857790 124
857791 61
857792 44
857796 35
857799 215
857800 238
857801 11
857803 53
857804 217
857805 238
857806 217
857807 217
857808 9
857809 216
857810 217
857811 217
857812 217
857813 237
857814 217
857816 124
857817 205
857822 210
857823 155
857824 62
857826 11
857828 11
857829 25
857830 27
857832 12
857834 55
857836 9
857837 9
857838 72
857839 29
857841 20
857842 106
857843 9
857845 11
857846 227
857847 76
857849 9
857850 116
857851 102
857852 83
857854 45
857856 240
857857 240
857858 45
857859 26
857861 87
857862 22
857863 170
857864 52
857865 44
857866 24
857867 24
857868 30
857870 253
857871 24
857873 9
857874 253
857875 22
857879 134
857880 24
857881 258
857882 133
857883 172
857885 204
857886 51
857888 189
857889 87
857893 183
857894 194
857895 99
857896 148
857897 229
857899 9
857900 94
857901 78
857902 21
857904 32
857905 32
857906 32
857907 220
857909 49
857911 9
857912 63
857913 11
857914 14
857915 9
857917 148
857918 127
857919 16
857920 191
857921 57
857922 33
857925 55
857926 228
857929 155
857930 45
857932 16
857934 256
857935 31
857937 77
857938 119
857939 45
857940 45
857941 11
857945 4
857947 103
857948 7
857949 147
857950 14
857951 27
857952 4
857954 180
857955 91
857958 247
857960 173
857961 12
857962 21
857963 122
857964 258
857966 11
857967 13
857968 141
857970 110
857971 110
857972 58
857973 42
857974 99
857976 11
857978 168
857979 12
857980 50
857981 231
857982 9
857983 94
857984 136
857985 185
857986 189
857989 23
857990 146
857991 166
857992 87
857994 9
857995 204
857996 219
858000 122
858001 27
858002 11
858003 22
858004 230
858005 230
858007 18
858010 79
858011 9
858012 84
858014 11
858015 20
858016 9
858017 9
858018 95
858022 8
858023 31
858024 34
858026 15
858027 226
858028 9
858029 9
858030 57
858033 232
858036 252
858037 155
858040 120
858041 98
858043 263
858045 37
858046 45
858047 83
858050 55
858052 9
858054 223
858055 206
858056 197
858057 232
858058 11
858059 29
858060 133
858063 122
858066 109
858068 80
858069 144
858071 54
858073 45
858076 13
858077 9
858078 196
858079 18
858080 13
858081 255
858082 9
858084 157
858085 104
858086 93
858087 155
858090 168
858091 22
858092 45
858093 78
858095 210
858096 155
858097 68
858098 21
858099 45
858100 97
858101 11
858103 10
858109 233
858111 82
858112 53
858113 147
858114 229
858115 33
858118 99
858119 102
858120 23
858121 122
858122 4
858123 110
858124 19
858129 9
858130 57
858131 90
858133 23
858136 66
858137 83
858138 104
858139 83
858141 177
858142 54
858143 13
858144 248
858146 133
858147 23
858149 94
858150 9
858152 122
858153 2
858155 9
858156 73
858158 131
858159 110
858160 161
858163 33
858164 9
858167 9
858169 227
858170 159
858172 221
858174 209
858175 10
858177 205
858178 110
858179 48
858182 13
858183 127
858184 100
858186 9
858187 33
858190 56
858191 136
858193 46
858195 72
858197 233
858198 11
858200 149
858203 138
858204 14
858207 9
858208 105
858209 87
858210 85
858211 254
858212 57
858213 99
858214 46
858216 77
858218 27
858221 20
858222 59
858223 169
858224 100
858226 18
858227 13
858228 51
858229 110
858230 220
858232 202
858234 13
858235 30
858236 83
858238 172
858243 9
858250 45
858251 116
858252 224
858254 31
858256 261
858259 231
858260 63
858261 139
858262 45
858263 31
858265 14
858266 161
858267 79
858268 3
858269 77
858271 244
858273 43
858274 236
858276 9
858279 116
858280 39
858281 14
858283 201
858284 201
858285 70
858286 84
858289 110
858290 213
858292 259
858294 9
858296 182
858299 45
858301 195
858304 9
858305 43
858309 116
858311 241
858315 50
858317 74
858318 178
858319 259
858320 199
858321 57
858322 94
858323 161
858324 9
858325 11
858326 13
858327 48
858329 248
858330 27
858331 99
858332 192
858333 45
858334 7
858335 241
858336 42
858337 42
858339 166
858340 117
858341 10
858342 185
858343 14
858345 11
858347 77
858349 219
858350 14
858353 33
858355 83
858356 79
858357 33
858358 68
858361 175
858362 192
858363 113
858364 45
858365 193
858366 14
858368 12
858369 9
858373 262
858374 123
858375 123
858377 260
858379 140
858381 261
858382 11
858383 17
858384 17
858385 171
858386 117
858387 225
858389 98
858391 22
858392 131
858393 9
858394 157
858395 91
858396 19
858397 97
858398 122
858399 263
858400 9
858401 239
858402 106
858404 166
858405 41
858406 9
858408 242
858410 27
858411 176
858412 132
858413 141
858415 242
858416 4
858417 95
858418 121
858419 10
858420 11
858425 17
858427 36
858428 17
858429 262
858430 256
858431 178
858433 55
858434 191
858437 36
858440 225
