856559 0
856560 9
856561 1
856562 21
856563 25
856564 31
856567 20
856570 32
856571 36
856572 44
856573 45
856574 51
856575 52
856577 53
856578 55
856579 9
856580 32
856581 59
856582 61
856583 11
856584 10
856585 2
856587 63
856589 56
856590 70
856591 7
856592 73
856594 74
856595 41
856596 65
856597 7
856600 3
856601 88
856602 89
856603 61
856604 90
856605 50
856607 12
856608 92
856609 93
856610 94
856612 56
856614 56
856615 95
856617 10
856618 37
856620 28
856621 1
856622 61
856623 51
856624 51
856625 10
856626 28
856627 10
856628 1
856629 4
856630 100
856631 72
856633 32
856634 81
856637 92
856638 10
856639 31
856640 86
856641 111
856642 25
856643 10
856644 22
856645 11
856647 38
856649 114
856650 36
856651 1
856652 31
856653 22
856656 103
856657 1
856658 36
856659 125
856660 81
856661 128
856662 9
856663 121
856665 1
856666 46
856667 56
856668 25
856669 134
856670 10
856671 18
856672 36
856673 24
856674 135
856678 136
856679 67
856680 36
856681 139
856682 139
856684 67
856685 32
856686 144
856687 113
856688 141
856690 11
856691 86
856692 10
856693 114
856696 10
856697 128
856698 26
856699 0
856700 9
856701 6
856702 122
856703 23
856704 27
856705 95
856706 45
856707 20
856708 75
856709 1
856710 11
856711 28
856712 143
856713 66
856714 67
856715 45
856716 92
856717 36
856719 137
856720 1
856722 27
856725 153
856726 54
856727 7
856728 155
856729 155
856730 57
856731 142
856732 156
856733 107
856734 9
856736 18
856737 25
856738 142
856739 9
856740 18
856741 138
856742 138
856743 138
856744 59
856747 36
856748 161
856749 1
856750 27
856751 22
856752 31
856754 138
856755 162
856756 87
856757 258
856758 115
856759 18
856760 161
856761 261
856764 36
856765 72
856766 12
856767 28
856768 10
856770 1
856771 9
856773 47
856774 18
856775 9
856777 108
856778 9
856779 58
856780 22
856781 165
856782 129
856783 159
856784 166
856785 159
856786 167
856787 12
856788 137
856789 240
856790 167
856794 131
856796 18
856797 5
856798 109
856799 128
856800 143
856801 121
856802 4
856803 122
856804 170
856805 9
856806 6
856807 173
856808 76
856809 174
856811 119
856812 28
856813 28
856814 92
856815 46
856816 18
856817 177
856819 86
856820 7
856823 138
856824 178
856825 93
856826 241
856827 91
856828 36
856829 65
856830 10
856831 101
856832 23
856833 37
856834 93
856836 128
856837 163
856839 27
856840 7
856841 12
856842 128
856843 10
856844 1
856845 98
856846 73
856848 12
856851 165
856852 100
856855 182
856856 161
856857 11
856858 56
856859 157
856861 9
856863 82
856869 101
856870 73
856871 101
856872 125
856874 61
856875 61
856876 27
856878 10
856880 47
856881 171
856882 171
856884 23
856885 34
856886 135
856887 31
856889 187
856890 31
856892 4
856893 31
856894 188
856896 172
856897 48
856900 36
856901 49
856902 6
856903 93
856904 67
856905 176
856906 36
856907 35
856908 38
856909 130
856910 45
856911 131
856912 71
856914 33
856916 23
856917 1
856918 32
856919 51
856920 107
856921 113
856922 29
856925 72
856926 191
856927 11
856930 27
856931 192
856932 25
856933 27
856934 259
856935 18
856936 22
856938 39
856939 147
856940 67
856941 143
856942 10
856944 1
856945 51
856946 146
856949 116
856950 75
856951 31
856952 36
856954 56
856955 31
856956 20
856957 171
856959 92
856960 28
856961 0
856962 0
856963 0
856965 261
856966 46
856967 147
856969 0
856970 78
856971 163
856972 195
856973 121
856974 27
856975 30
856976 172
856978 196
856979 85
856981 150
856982 9
856983 27
856985 49
856986 25
856987 17
856988 55
856989 198
856992 6
856993 23
856994 93
856996 110
856998 6
856999 64
857000 0
857001 28
857003 64
857004 85
857005 51
857006 93
857007 85
857008 87
857009 18
857010 1
857011 27
857012 2
857013 18
857014 168
857018 0
857019 79
857020 199
857022 174
857024 184
857025 195
857026 177
857027 62
857029 98
857031 200
857032 46
857033 203
857035 204
857036 9
857037 36
857038 25
857041 28
857042 36
857043 8
857044 44
857045 207
857046 63
857047 188
857048 69
857050 193
857051 208
857052 10
857053 95
857054 18
857055 40
857057 130
857059 25
857060 8
857061 25
857062 18
857064 126
857069 9
857070 205
857071 128
857072 79
857073 1
857074 18
857075 33
857076 178
857077 108
857078 18
857079 28
857080 46
857081 83
857083 205
857084 179
857085 4
857086 1
857088 85
857090 27
857091 1
857092 139
857094 19
857095 76
857096 18
857097 128
857098 168
857099 97
857101 108
857102 209
857103 179
857104 23
857105 10
857106 85
857107 248
857108 36
857110 116
857113 92
857114 29
857115 30
857118 96
857119 210
857120 109
857121 13
857122 13
857127 36
857128 127
857129 67
857130 68
857131 94
857132 187
857133 121
857135 37
857136 162
857137 174
857138 149
857139 4
857141 1
857142 27
857144 206
857145 54
857146 53
857147 210
857149 7
857150 61
857151 212
857152 53
857155 249
857156 151
857157 6
857158 67
857159 131
857160 169
857161 8
857167 106
857168 106
857169 52
857170 4
857172 83
857173 4
857174 151
857175 154
857176 11
857177 122
857178 213
857179 141
857181 14
857182 10
857183 164
857184 192
857185 9
857187 1
857188 182
857191 41
857192 96
857193 30
857196 31
857197 129
857200 169
857201 10
857202 4
857203 37
857204 10
857205 180
857206 31
857208 1
857209 189
857210 80
857211 55
857212 4
857213 43
857215 92
857216 106
857217 214
857218 23
857219 36
857220 28
857221 147
857222 58
857223 134
857224 45
857226 46
857227 253
857228 253
857229 20
857230 215
857231 215
857233 250
857234 118
857235 67
857236 154
857237 9
857238 18
857239 18
857242 45
857244 37
857245 146
857247 216
857248 44
857251 6
857253 64
857254 27
857255 197
857257 30
857258 121
857259 198
857260 1
857261 144
857264 55
857266 170
857269 250
857270 114
857272 41
857273 41
857274 171
857275 9
857278 51
857279 20
857280 217
857281 56
857282 128
857283 14
857284 209
857285 136
857286 219
857287 105
857288 20
857289 148
857290 220
857291 180
857294 32
857295 106
857296 147
857297 25
857298 53
857299 37
857300 1
857302 136
857303 85
857304 37
857305 1
857309 68
857310 18
857311 108
857312 41
857313 120
857314 2
857316 195
857317 140
857318 41
857320 1
857321 140
857322 2
857323 108
857325 2
857326 82
857327 23
857328 140
857329 140
857330 140
857332 50
857333 200
857334 6
857335 66
857336 41
857337 49
857339 10
857340 33
857341 18
857343 207
857344 18
857345 37
857346 201
857347 20
857349 207
857350 132
857352 25
857354 58
857356 30
857357 23
857359 131
857360 182
857361 148
857365 32
857367 23
857368 85
857369 115
857370 49
857375 9
857376 61
857378 118
857379 44
857381 157
857383 6
857385 10
857386 129
857389 19
857391 148
857392 27
857395 19
857396 56
857397 99
857398 97
857399 254
857400 213
857402 222
857404 92
857405 157
857407 74
857409 120
857410 131
857411 11
857412 85
857413 254
857414 27
857415 1
857416 130
857417 110
857420 255
857421 137
857422 37
857423 46
857424 66
857426 142
857428 157
857429 23
857430 139
857431 23
857432 152
857433 61
857434 50
857435 189
857437 10
857438 141
857439 89
857440 18
857441 202
857442 4
857443 41
857444 111
857445 18
857446 38
857447 186
857448 107
857449 10
857451 34
857453 17
857454 64
857455 157
857456 74
857457 190
857458 64
857459 28
857460 80
857461 51
857462 9
857463 141
857464 18
857465 47
857468 38
857469 37
857470 147
857471 105
857472 27
857474 34
857475 20
857477 168
857479 87
857480 23
857481 15
857482 11
857487 72
857488 108
857489 20
857492 15
857493 142
857495 36
857496 101
857497 46
857498 18
857499 27
857500 59
857502 47
857505 28
857506 214
857507 38
857508 37
857509 10
857510 27
857511 101
857513 132
857514 45
857516 49
857517 67
857518 25
857519 10
857521 38
857523 67
857524 18
857526 25
857527 192
857528 36
857529 242
857530 223
857531 224
857532 224
857533 224
857535 140
857536 98
857537 5
857538 206
857539 221
857541 11
857544 36
857548 45
857549 249
857551 157
857552 75
857554 212
857555 83
857558 12
857559 264
857560 72
857561 173
857564 92
857565 80
857567 28
857571 18
857572 23
857575 206
857577 160
857579 226
857580 27
857581 102
857582 96
857583 108
857584 28
857585 227
857587 27
857588 99
857590 55
857593 164
857595 57
857598 45
857599 118
857600 56
857601 224
857602 118
857603 228
857604 241
857605 39
857606 166
857607 43
857608 224
857609 224
857610 243
857611 223
857612 242
857614 120
857615 229
857618 64
857619 103
857622 44
857623 140
857624 230
857626 85
857629 141
857630 135
857631 119
857632 45
857633 39
857634 7
857635 92
857637 23
857638 133
857639 221
857640 140
857641 140
857644 73
857646 231
857647 64
857649 9
857651 244
857652 30
857653 126
857655 9
857656 43
857658 9
857659 11
857660 115
857661 131
857662 28
857664 173
857665 148
857666 60
857667 120
857668 34
857669 225
857670 226
857671 25
857672 106
857673 11
857675 226
857676 103
857679 1
857680 51
857681 9
857682 42
857684 38
857685 122
857686 255
857687 37
857688 219
857689 185
857690 169
857692 76
857693 256
857694 144
857696 251
857698 240
857699 70
857701 34
857703 11
857704 29
857705 49
857706 27
857707 50
857708 18
857710 145
857711 44
857713 130
857714 51
857715 28
857716 94
857717 35
857718 229
857719 103
857722 98
857723 175
857724 233
857725 136
857726 34
857730 97
857731 117
857732 28
857734 77
857735 146
857736 196
857739 221
857740 221
857741 221
857742 44
857743 124
857744 124
857745 77
857746 11
857750 9
857751 51
857752 118
857754 122
857757 58
857758 141
857759 9
857760 175
857761 216
857763 67
857765 234
857768 88
857769 74
857770 27
857771 211
857773 26
857776 23
857777 46
857778 111
857780 31
857781 31
857782 192
857783 22
857784 18
857785 9
857786 23
857790 130
857791 103
857792 43
857796 11
857799 222
857800 243
857801 9
857803 28
857804 224
857805 243
857806 224
857807 224
857808 97
857809 223
857810 224
857811 224
857812 224
857813 242
857814 224
857816 130
857817 213
857822 218
857823 169
857824 60
857826 98
857828 98
857829 22
857830 107
857832 72
857834 51
857836 64
857837 18
857838 75
857839 27
857841 69
857842 113
857843 181
857845 10
857846 124
857847 210
857849 181
857850 194
857851 225
857852 91
857854 85
857856 245
857857 245
857858 206
857859 22
857861 93
857862 20
857863 176
857864 45
857865 43
857866 21
857867 24
857868 4
857870 257
857871 24
857873 181
857874 257
857875 20
857879 216
857880 24
857881 262
857882 50
857883 23
857885 53
857886 46
857888 197
857889 93
857893 202
857894 201
857895 131
857896 155
857897 235
857899 18
857900 101
857901 84
857902 1
857904 30
857905 30
857906 30
857907 45
857909 48
857911 38
857912 38
857913 53
857914 34
857915 37
857917 155
857918 133
857919 15
857920 64
857921 55
857922 31
857925 51
857926 234
857929 169
857930 44
857932 15
857934 260
857935 29
857937 80
857938 126
857939 44
857940 85
857941 10
857945 4
857947 111
857948 6
857949 154
857950 13
857951 107
857952 4
857954 172
857955 96
857958 251
857960 68
857961 11
857962 149
857963 128
857964 262
857966 9
857967 141
857968 150
857970 187
857971 187
857972 56
857973 41
857974 131
857976 10
857978 173
857979 7
857980 92
857981 237
857982 37
857983 101
857984 145
857985 191
857986 197
857989 124
857990 137
857991 93
857992 93
857994 41
857995 53
857996 227
858000 128
858001 67
858002 53
858003 20
858004 236
858005 236
858007 183
858010 87
858011 18
858012 50
858014 19
858015 69
858016 36
858017 36
858018 104
858022 106
858023 29
858024 23
858026 14
858027 233
858028 6
858029 36
858030 55
858033 238
858036 256
858037 169
858040 27
858041 101
858043 267
858045 32
858046 44
858047 91
858050 51
858052 38
858054 230
858055 141
858056 204
858057 238
858058 9
858059 27
858060 143
858063 128
858066 116
858068 88
858069 152
858071 193
858073 67
858076 158
858077 74
858078 203
858079 183
858080 158
858081 259
858082 130
858084 118
858085 112
858086 100
858087 169
858090 173
858091 20
858092 211
858093 84
858095 218
858096 169
858097 63
858098 23
858099 211
858100 101
858101 53
858103 12
858109 239
858111 61
858112 28
858113 154
858114 235
858115 31
858118 131
858119 110
858120 124
858121 128
858122 4
858123 117
858124 1
858129 51
858130 55
858131 82
858133 124
858136 62
858137 91
858138 112
858139 91
858141 182
858142 193
858143 157
858144 252
858146 143
858147 1
858149 101
858150 138
858152 128
858153 1
858155 64
858156 74
858158 142
858159 146
858160 186
858163 31
858164 36
858167 51
858169 124
858170 72
858172 228
858174 217
858175 12
858177 213
858178 23
858179 47
858182 158
858183 132
858184 67
858186 36
858187 31
858190 52
858191 145
858193 45
858195 75
858197 239
858198 10
858200 156
858203 169
858204 13
858207 18
858208 23
858209 93
858210 67
858211 258
858212 55
858213 108
858214 45
858216 80
858218 25
858221 69
858222 57
858223 174
858224 67
858226 33
858227 74
858228 46
858229 146
858230 45
858232 96
858234 74
858235 93
858236 172
858238 184
858243 36
858250 44
858251 122
858252 231
858254 29
858256 265
858259 237
858260 38
858261 23
858262 67
858263 190
858265 34
858266 186
858267 87
858268 3
858269 80
858271 248
858273 42
858274 58
858276 36
858279 122
858280 35
858281 34
858283 179
858284 179
858285 71
858286 50
858289 190
858290 220
858292 263
858294 37
858296 130
858299 44
858301 200
858304 78
858305 42
858309 194
858311 246
858315 28
858317 81
858318 185
858319 263
858320 208
858321 55
858322 101
858323 45
858324 51
858325 10
858326 157
858327 47
858329 252
858330 107
858331 108
858332 139
858333 118
858334 6
858335 246
858336 41
858337 41
858339 209
858340 123
858341 68
858342 191
858343 34
858345 9
858347 80
858349 227
858350 160
858353 136
858355 91
858356 102
858357 179
858358 63
858361 225
858362 139
858363 119
858364 85
858365 199
858366 34
858368 11
858369 37
858373 266
858374 153
858375 153
858377 264
858379 5
858381 265
858382 90
858383 16
858384 16
858385 23
858386 123
858387 232
858389 101
858391 20
858392 139
858393 51
858394 118
858395 61
858396 1
858397 101
858398 128
858399 267
858400 74
858401 244
858402 113
858404 209
858405 40
858406 18
858408 247
858410 25
858411 4
858412 140
858413 150
858415 247
858416 4
858417 104
858418 127
858419 12
858420 225
858425 16
858427 32
858428 16
858429 266
858430 260
858431 185
858433 51
858434 64
858437 32
858440 232
