856559 0
856560 0
856561 0
856562 0
856563 0
856564 0
856567 0
856570 0
856571 0
856572 0
856573 0
856574 0
856575 0
856577 0
856578 1
856579 0
856580 0
856581 0
856582 0
856583 0
856584 0
856585 0
856587 0
856589 0
856590 0
856591 0
856592 0
856594 0
856595 0
856596 0
856597 0
856600 0
856601 2
856602 3
856603 0
856604 0
856605 0
856607 0
856608 0
856609 0
856610 1
856612 0
856614 0
856615 0
856617 0
856618 0
856620 0
856621 0
856622 0
856623 0
856624 0
856625 0
856626 0
856627 0
856628 0
856629 0
856630 0
856631 0
856633 0
856634 0
856637 0
856638 0
856639 0
856640 0
856641 4
856642 0
856643 0
856644 0
856645 0
856647 0
856649 0
856650 0
856651 0
856652 0
856653 0
856656 0
856657 0
856658 0
856659 0
856660 0
856661 1
856662 0
856663 0
856665 0
856666 0
856667 0
856668 0
856669 5
856670 0
856671 0
856672 0
856673 0
856674 0
856678 0
856679 0
856680 0
856681 0
856682 0
856684 0
856685 0
856686 6
856687 0
856688 0
856690 0
856691 0
856692 0
856693 0
856696 0
856697 1
856698 0
856699 0
856700 0
856701 0
856702 0
856703 0
856704 0
856705 0
856706 0
856707 0
856708 0
856709 0
856710 0
856711 0
856712 0
856713 0
856714 0
856715 0
856716 0
856717 0
856719 0
856720 0
856722 0
856725 0
856726 0
856727 0
856728 0
856729 0
856730 1
856731 0
856732 7
856733 0
856734 0
856736 0
856737 0
856738 0
856739 0
856740 0
856741 0
856742 0
856743 0
856744 0
856747 0
856748 8
856749 0
856750 0
856751 0
856752 0
856754 0
856755 9
856756 0
856757 47
856758 0
856759 0
856760 8
856761 50
856764 0
856765 0
856766 0
856767 0
856768 0
856770 0
856771 0
856773 0
856774 0
856775 0
856777 0
856778 0
856779 1
856780 0
856781 0
856782 0
856783 0
856784 10
856785 0
856786 11
856787 0
856788 0
856789 31
856790 11
856794 0
856796 0
856797 0
856798 0
856799 1
856800 0
856801 0
856802 0
856803 0
856804 0
856805 0
856806 0
856807 0
856808 0
856809 12
856811 0
856812 0
856813 0
856814 0
856815 0
856816 0
856817 0
856819 0
856820 0
856823 0
856824 0
856825 0
856826 32
856827 0
856828 0
856829 0
856830 0
856831 0
856832 0
856833 0
856834 0
856836 1
856837 0
856839 0
856840 0
856841 0
856842 1
856843 0
856844 0
856845 0
856846 0
856848 0
856851 0
856852 0
856855 0
856856 8
856857 0
856858 0
856859 0
856861 0
856863 0
856869 0
856870 0
856871 0
856872 0
856874 0
856875 0
856876 0
856878 0
856880 0
856881 0
856882 0
856884 0
856885 0
856886 0
856887 0
856889 0
856890 0
856892 0
856893 0
856894 0
856896 0
856897 0
856900 0
856901 0
856902 0
856903 0
856904 0
856905 0
856906 0
856907 0
856908 0
856909 0
856910 0
856911 0
856912 0
856914 0
856916 0
856917 0
856918 0
856919 0
856920 0
856921 0
856922 0
856925 0
856926 0
856927 0
856930 0
856931 0
856932 0
856933 0
856934 48
856935 0
856936 0
856938 0
856939 0
856940 0
856941 0
856942 0
856944 0
856945 0
856946 0
856949 0
856950 0
856951 0
856952 0
856954 0
856955 0
856956 0
856957 0
856959 0
856960 0
856961 0
856962 0
856963 0
856965 50
856966 0
856967 0
856969 0
856970 0
856971 0
856972 13
856973 0
856974 0
856975 0
856976 0
856978 0
856979 0
856981 0
856982 0
856983 0
856985 0
856986 0
856987 0
856988 1
856989 14
856992 0
856993 0
856994 0
856996 0
856998 0
856999 0
857000 0
857001 0
857003 0
857004 0
857005 0
857006 0
857007 0
857008 0
857009 0
857010 0
857011 0
857012 0
857013 0
857014 0
857018 0
857019 0
857020 15
857022 12
857024 0
857025 13
857026 0
857027 0
857029 0
857031 16
857032 0
857033 17
857035 18
857036 0
857037 0
857038 0
857041 0
857042 0
857043 0
857044 0
857045 0
857046 0
857047 0
857048 0
857050 0
857051 0
857052 0
857053 0
857054 0
857055 0
857057 0
857059 0
857060 0
857061 0
857062 0
857064 0
857069 0
857070 0
857071 1
857072 0
857073 0
857074 0
857075 0
857076 0
857077 0
857078 0
857079 0
857080 0
857081 0
857083 0
857084 0
857085 0
857086 0
857088 0
857090 0
857091 0
857092 0
857094 0
857095 0
857096 0
857097 1
857098 0
857099 0
857101 0
857102 0
857103 0
857104 0
857105 0
857106 0
857107 0
857108 0
857110 0
857113 0
857114 0
857115 0
857118 0
857119 0
857120 0
857121 0
857122 0
857127 0
857128 0
857129 0
857130 0
857131 1
857132 0
857133 0
857135 0
857136 9
857137 12
857138 0
857139 0
857141 0
857142 0
857144 0
857145 0
857146 0
857147 0
857149 0
857150 0
857151 19
857152 0
857155 38
857156 0
857157 0
857158 0
857159 0
857160 0
857161 0
857167 0
857168 0
857169 0
857170 0
857172 0
857173 0
857174 0
857175 0
857176 0
857177 0
857178 20
857179 0
857181 0
857182 0
857183 0
857184 0
857185 0
857187 0
857188 0
857191 0
857192 0
857193 0
857196 0
857197 0
857200 0
857201 0
857202 0
857203 0
857204 0
857205 0
857206 0
857208 0
857209 0
857210 0
857211 1
857212 0
857213 0
857215 0
857216 0
857217 21
857218 0
857219 0
857220 0
857221 0
857222 1
857223 5
857224 0
857226 0
857227 42
857228 42
857229 0
857230 22
857231 22
857233 39
857234 0
857235 0
857236 0
857237 0
857238 0
857239 0
857242 0
857244 0
857245 0
857247 0
857248 0
857251 0
857253 0
857254 0
857255 0
857257 0
857258 0
857259 14
857260 0
857261 6
857264 1
857266 0
857269 39
857270 0
857272 0
857273 0
857274 0
857275 0
857278 0
857279 0
857280 23
857281 0
857282 1
857283 0
857284 0
857285 0
857286 0
857287 0
857288 0
857289 0
857290 0
857291 0
857294 0
857295 0
857296 0
857297 0
857298 0
857299 0
857300 0
857302 0
857303 0
857304 0
857305 0
857309 0
857310 0
857311 0
857312 0
857313 0
857314 0
857316 13
857317 0
857318 0
857320 0
857321 0
857322 0
857323 0
857325 0
857326 0
857327 0
857328 0
857329 0
857330 0
857332 0
857333 16
857334 0
857335 0
857336 0
857337 0
857339 0
857340 0
857341 0
857343 0
857344 0
857345 0
857346 16
857347 0
857349 0
857350 0
857352 0
857354 1
857356 0
857357 0
857359 0
857360 0
857361 0
857365 0
857367 0
857368 0
857369 0
857370 0
857375 0
857376 0
857378 0
857379 0
857381 0
857383 0
857385 0
857386 0
857389 0
857391 0
857392 0
857395 0
857396 0
857397 0
857398 0
857399 43
857400 20
857402 24
857404 0
857405 0
857407 0
857409 0
857410 0
857411 0
857412 0
857413 43
857414 0
857415 0
857416 0
857417 0
857420 44
857421 0
857422 0
857423 0
857424 0
857426 0
857428 0
857429 0
857430 0
857431 0
857432 0
857433 0
857434 0
857435 0
857437 0
857438 0
857439 3
857440 0
857441 0
857442 0
857443 0
857444 4
857445 0
857446 0
857447 0
857448 0
857449 0
857451 0
857453 0
857454 0
857455 0
857456 0
857457 0
857458 0
857459 0
857460 0
857461 0
857462 0
857463 0
857464 0
857465 0
857468 0
857469 0
857470 0
857471 0
857472 0
857474 0
857475 0
857477 0
857479 0
857480 0
857481 0
857482 0
857487 0
857488 0
857489 0
857492 0
857493 0
857495 0
857496 0
857497 0
857498 0
857499 0
857500 0
857502 0
857505 0
857506 21
857507 0
857508 0
857509 0
857510 0
857511 0
857513 0
857514 0
857516 0
857517 0
857518 0
857519 0
857521 0
857523 0
857524 0
857526 0
857527 0
857528 0
857529 33
857530 0
857531 0
857532 0
857533 0
857535 0
857536 0
857537 0
857538 0
857539 0
857541 0
857544 0
857548 0
857549 38
857551 0
857552 0
857554 19
857555 0
857558 0
857559 53
857560 0
857561 0
857564 0
857565 0
857567 0
857571 0
857572 0
857575 0
857577 0
857579 0
857580 0
857581 0
857582 0
857583 0
857584 0
857585 0
857587 0
857588 0
857590 1
857593 0
857595 1
857598 0
857599 0
857600 0
857601 0
857602 0
857603 0
857604 32
857605 0
857606 10
857607 0
857608 0
857609 0
857610 0
857611 0
857612 33
857614 0
857615 25
857618 0
857619 0
857622 0
857623 0
857624 0
857626 0
857629 0
857630 0
857631 0
857632 0
857633 0
857634 0
857635 0
857637 0
857638 0
857639 0
857640 0
857641 0
857644 0
857646 0
857647 0
857649 0
857651 34
857652 0
857653 0
857655 0
857656 0
857658 0
857659 0
857660 0
857661 0
857662 0
857664 0
857665 0
857666 0
857667 0
857668 0
857669 0
857670 0
857671 0
857672 0
857673 0
857675 0
857676 0
857679 0
857680 0
857681 0
857682 0
857684 0
857685 0
857686 44
857687 0
857688 0
857689 0
857690 0
857692 0
857693 45
857694 6
857696 40
857698 31
857699 0
857701 0
857703 0
857704 0
857705 0
857706 0
857707 0
857708 0
857710 0
857711 0
857713 0
857714 0
857715 0
857716 1
857717 0
857718 25
857719 0
857722 0
857723 0
857724 0
857725 0
857726 0
857730 0
857731 0
857732 0
857734 0
857735 0
857736 0
857739 0
857740 0
857741 0
857742 0
857743 0
857744 0
857745 0
857746 0
857750 0
857751 0
857752 0
857754 0
857757 1
857758 0
857759 0
857760 0
857761 0
857763 0
857765 26
857768 2
857769 0
857770 0
857771 0
857773 0
857776 0
857777 0
857778 4
857780 0
857781 0
857782 0
857783 0
857784 0
857785 0
857786 0
857790 0
857791 0
857792 0
857796 0
857799 24
857800 0
857801 0
857803 0
857804 0
857805 0
857806 0
857807 0
857808 0
857809 0
857810 0
857811 0
857812 0
857813 33
857814 0
857816 0
857817 20
857822 0
857823 0
857824 0
857826 0
857828 0
857829 0
857830 0
857832 0
857834 0
857836 0
857837 0
857838 0
857839 0
857841 0
857842 0
857843 0
857845 0
857846 0
857847 0
857849 0
857850 0
857851 0
857852 0
857854 0
857856 35
857857 35
857858 0
857859 0
857861 0
857862 0
857863 0
857864 0
857865 0
857866 0
857867 0
857868 0
857870 46
857871 0
857873 0
857874 46
857875 0
857879 0
857880 0
857881 51
857882 0
857883 0
857885 0
857886 0
857888 0
857889 0
857893 0
857894 16
857895 0
857896 0
857897 27
857899 0
857900 0
857901 0
857902 0
857904 0
857905 0
857906 0
857907 0
857909 0
857911 0
857912 0
857913 0
857914 0
857915 0
857917 0
857918 0
857919 0
857920 0
857921 1
857922 0
857925 0
857926 26
857929 0
857930 0
857932 0
857934 49
857935 0
857937 0
857938 0
857939 0
857940 0
857941 0
857945 0
857947 4
857948 0
857949 0
857950 0
857951 0
857952 0
857954 0
857955 0
857958 40
857960 0
857961 0
857962 0
857963 1
857964 51
857966 0
857967 0
857968 0
857970 0
857971 0
857972 0
857973 0
857974 0
857976 0
857978 0
857979 0
857980 0
857981 28
857982 0
857983 0
857984 0
857985 0
857986 0
857989 0
857990 0
857991 0
857992 0
857994 0
857995 0
857996 0
858000 1
858001 0
858002 0
858003 0
858004 0
858005 0
858007 0
858010 0
858011 0
858012 0
858014 0
858015 0
858016 0
858017 0
858018 0
858022 0
858023 0
858024 0
858026 0
858027 0
858028 0
858029 0
858030 1
858033 29
858036 45
858037 0
858040 0
858041 0
858043 56
858045 0
858046 0
858047 0
858050 0
858052 0
858054 0
858055 0
858056 18
858057 29
858058 0
858059 0
858060 0
858063 1
858066 0
858068 2
858069 0
858071 0
858073 0
858076 0
858077 0
858078 17
858079 0
858080 0
858081 48
858082 0
858084 0
858085 0
858086 0
858087 0
858090 0
858091 0
858092 0
858093 0
858095 0
858096 0
858097 0
858098 0
858099 0
858100 0
858101 0
858103 0
858109 30
858111 0
858112 0
858113 0
858114 27
858115 0
858118 0
858119 0
858120 0
858121 1
858122 0
858123 0
858124 0
858129 0
858130 1
858131 0
858133 0
858136 0
858137 0
858138 0
858139 0
858141 0
858142 0
858143 0
858144 41
858146 0
858147 0
858149 0
858150 0
858152 1
858153 0
858155 0
858156 0
858158 0
858159 0
858160 0
858163 0
858164 0
858167 0
858169 0
858170 0
858172 0
858174 23
858175 0
858177 20
858178 0
858179 0
858182 0
858183 0
858184 0
858186 0
858187 0
858190 0
858191 0
858193 0
858195 0
858197 30
858198 0
858200 7
858203 0
858204 0
858207 0
858208 0
858209 0
858210 0
858211 47
858212 1
858213 0
858214 0
858216 0
858218 0
858221 0
858222 1
858223 12
858224 0
858226 0
858227 0
858228 0
858229 0
858230 0
858232 0
858234 0
858235 0
858236 0
858238 0
858243 0
858250 0
858251 0
858252 0
858254 0
858256 54
858259 28
858260 0
858261 0
858262 0
858263 0
858265 0
858266 0
858267 0
858268 0
858269 0
858271 0
858273 0
858274 1
858276 0
858279 0
858280 0
858281 0
858283 0
858284 0
858285 0
858286 0
858289 0
858290 0
858292 52
858294 0
858296 0
858299 0
858301 16
858304 0
858305 0
858309 0
858311 36
858315 0
858317 0
858318 0
858319 52
858320 0
858321 1
858322 0
858323 0
858324 0
858325 0
858326 0
858327 0
858329 41
858330 0
858331 0
858332 0
858333 0
858334 0
858335 36
858336 0
858337 0
858339 0
858340 0
858341 0
858342 0
858343 0
858345 0
858347 0
858349 0
858350 0
858353 0
858355 0
858356 0
858357 0
858358 0
858361 0
858362 0
858363 0
858364 0
858365 15
858366 0
858368 0
858369 0
858373 55
858374 0
858375 0
858377 53
858379 0
858381 54
858382 0
858383 0
858384 0
858385 0
858386 0
858387 0
858389 0
858391 0
858392 0
858393 0
858394 0
858395 0
858396 0
858397 0
858398 1
858399 56
858400 0
858401 34
858402 0
858404 0
858405 0
858406 0
858408 37
858410 0
858411 0
858412 0
858413 0
858415 37
858416 0
858417 0
858418 0
858419 0
858420 0
858425 0
858427 0
858428 0
858429 55
858430 49
858431 0
858433 0
858434 0
858437 0
858440 0
