856559 0
856560 1
856561 0
856562 4
856563 0
856564 4
856567 1
856570 0
856571 1
856572 6
856573 2
856574 1
856575 15
856577 1
856578 9
856579 1
856580 0
856581 20
856582 7
856583 0
856584 1
856585 0
856587 0
856589 3
856590 13
856591 0
856592 5
856594 3
856595 1
856596 5
856597 0
856600 10
856601 31
856602 36
856603 7
856604 7
856605 2
856607 0
856608 2
856609 3
856610 9
856612 3
856614 3
856615 3
856617 1
856618 1
856620 2
856621 0
856622 7
856623 1
856624 1
856625 1
856626 2
856627 1
856628 0
856629 1
856630 10
856631 0
856633 0
856634 0
856637 2
856638 1
856639 4
856640 10
856641 22
856642 0
856643 1
856644 4
856645 0
856647 1
856649 0
856650 1
856651 0
856652 3
856653 4
856656 10
856657 0
856658 1
856659 16
856660 0
856661 9
856662 1
856663 12
856665 0
856666 2
856667 4
856668 0
856669 37
856670 1
856671 0
856672 1
856673 4
856674 4
856678 3
856679 0
856680 1
856681 5
856682 5
856684 2
856685 0
856686 28
856687 6
856688 5
856690 0
856691 10
856692 1
856693 0
856696 1
856697 9
856698 0
856699 0
856700 1
856701 1
856702 4
856703 4
856704 0
856705 3
856706 2
856707 1
856708 0
856709 0
856710 0
856711 2
856712 2
856713 0
856714 6
856715 2
856716 2
856717 5
856719 13
856720 0
856722 0
856725 12
856726 17
856727 0
856728 15
856729 15
856730 9
856731 5
856732 38
856733 0
856734 1
856736 1
856737 0
856738 5
856739 3
856740 0
856741 1
856742 1
856743 1
856744 20
856747 1
856748 35
856749 1
856750 0
856751 4
856752 3
856754 1
856755 39
856756 6
856757 74
856758 7
856759 1
856760 35
856761 77
856764 1
856765 0
856766 0
856767 2
856768 1
856770 0
856771 1
856773 2
856774 1
856775 1
856777 2
856778 3
856779 9
856780 3
856781 6
856782 12
856783 26
856784 40
856785 26
856786 41
856787 0
856788 0
856789 58
856790 41
856794 2
856796 1
856797 0
856798 4
856799 9
856800 2
856801 12
856802 0
856803 4
856804 4
856805 4
856806 3
856807 21
856808 3
856809 24
856811 0
856812 5
856813 2
856814 2
856815 2
856816 1
856817 3
856819 10
856820 0
856823 1
856824 3
856825 3
856826 59
856827 7
856828 1
856829 5
856830 1
856831 0
856832 4
856833 1
856834 3
856836 9
856837 6
856839 0
856840 0
856841 0
856842 9
856843 1
856844 0
856845 1
856846 5
856848 0
856851 6
856852 10
856855 13
856856 35
856857 0
856858 0
856859 3
856861 1
856863 0
856869 0
856870 5
856871 0
856872 16
856874 7
856875 7
856876 0
856878 1
856880 2
856881 4
856882 4
856884 4
856885 26
856886 4
856887 3
856889 0
856890 3
856892 5
856893 3
856894 1
856896 7
856897 2
856900 1
856901 2
856902 3
856903 3
856904 6
856905 2
856906 5
856907 4
856908 1
856909 6
856910 2
856911 2
856912 13
856914 0
856916 4
856917 0
856918 0
856919 1
856920 0
856921 6
856922 0
856925 0
856926 16
856927 1
856930 0
856931 0
856932 0
856933 0
856934 75
856935 27
856936 4
856938 3
856939 1
856940 5
856941 2
856942 1
856944 0
856945 1
856946 0
856949 34
856950 0
856951 3
856952 1
856954 3
856955 3
856956 1
856957 4
856959 2
856960 2
856961 23
856962 23
856963 23
856965 77
856966 2
856967 1
856969 23
856970 1
856971 6
856972 29
856973 12
856974 0
856975 4
856976 7
856978 0
856979 6
856981 2
856982 1
856983 0
856985 2
856986 0
856987 0
856988 9
856989 42
856992 3
856993 4
856994 3
856996 14
856998 3
856999 1
857000 0
857001 2
857003 1
857004 6
857005 1
857006 3
857007 6
857008 10
857009 1
857010 1
857011 0
857012 0
857013 1
857014 2
857018 0
857019 5
857020 43
857022 24
857024 4
857025 29
857026 3
857027 7
857029 1
857031 19
857032 2
857033 44
857035 45
857036 1
857037 5
857038 0
857041 2
857042 1
857043 0
857044 6
857045 2
857046 0
857047 1
857048 0
857050 2
857051 7
857052 1
857053 3
857054 1
857055 3
857057 6
857059 0
857060 1
857061 0
857062 6
857064 0
857069 5
857070 0
857071 9
857072 5
857073 0
857074 27
857075 0
857076 3
857077 2
857078 1
857079 2
857080 2
857081 0
857083 0
857084 3
857085 4
857086 0
857088 6
857090 0
857091 0
857092 5
857094 0
857095 3
857096 1
857097 9
857098 2
857099 11
857101 2
857102 11
857103 3
857104 4
857105 5
857106 6
857107 0
857108 1
857110 34
857113 2
857114 0
857115 7
857118 7
857119 3
857120 4
857121 0
857122 0
857127 1
857128 0
857129 0
857130 0
857131 9
857132 0
857133 12
857135 1
857136 39
857137 24
857138 0
857139 4
857141 0
857142 0
857144 6
857145 17
857146 1
857147 3
857149 0
857150 7
857151 46
857152 1
857155 65
857156 2
857157 0
857158 6
857159 2
857160 4
857161 0
857167 0
857168 0
857169 15
857170 4
857172 0
857173 4
857174 2
857175 17
857176 0
857177 4
857178 25
857179 5
857181 30
857182 1
857183 1
857184 0
857185 3
857187 60
857188 13
857191 1
857192 7
857193 7
857196 3
857197 12
857200 4
857201 1
857202 4
857203 11
857204 1
857205 1
857206 3
857208 0
857209 0
857210 5
857211 9
857212 10
857213 5
857215 2
857216 0
857217 47
857218 4
857219 1
857220 2
857221 1
857222 9
857223 37
857224 2
857226 2
857227 69
857228 69
857229 1
857230 48
857231 48
857233 66
857234 6
857235 2
857236 17
857237 4
857238 5
857239 5
857242 2
857244 1
857245 0
857247 5
857248 6
857251 0
857253 1
857254 0
857255 2
857257 0
857258 12
857259 42
857260 0
857261 28
857264 9
857266 4
857269 66
857270 0
857272 1
857273 1
857274 4
857275 1
857278 1
857279 1
857280 49
857281 3
857282 9
857283 30
857284 11
857285 3
857286 1
857287 6
857288 1
857289 0
857290 0
857291 1
857294 0
857295 0
857296 1
857297 0
857298 1
857299 1
857300 0
857302 3
857303 6
857304 1
857305 60
857309 0
857310 1
857311 2
857312 1
857313 0
857314 0
857316 29
857317 8
857318 1
857320 0
857321 8
857322 0
857323 2
857325 0
857326 0
857327 4
857328 8
857329 8
857330 8
857332 2
857333 19
857334 3
857335 0
857336 1
857337 2
857339 1
857340 0
857341 1
857343 2
857344 1
857345 1
857346 19
857347 1
857349 2
857350 0
857352 0
857354 9
857356 7
857357 4
857359 2
857360 13
857361 10
857365 0
857367 4
857368 11
857369 0
857370 2
857375 1
857376 7
857378 5
857379 6
857381 1
857383 3
857385 1
857386 12
857389 10
857391 10
857392 0
857395 10
857396 3
857397 0
857398 11
857399 70
857400 25
857402 50
857404 2
857405 1
857407 3
857409 0
857410 2
857411 0
857412 6
857413 70
857414 0
857415 0
857416 6
857417 14
857420 71
857421 13
857422 1
857423 2
857424 0
857426 5
857428 3
857429 0
857430 5
857431 4
857432 2
857433 7
857434 2
857435 0
857437 1
857438 5
857439 36
857440 1
857441 2
857442 4
857443 1
857444 22
857445 1
857446 1
857447 2
857448 0
857449 1
857451 0
857453 0
857454 1
857455 3
857456 3
857457 0
857458 1
857459 2
857460 5
857461 1
857462 1
857463 5
857464 1
857465 2
857468 1
857469 1
857470 1
857471 6
857472 0
857474 0
857475 1
857477 2
857479 10
857480 4
857481 3
857482 0
857487 0
857488 2
857489 1
857492 3
857493 5
857495 1
857496 0
857497 2
857498 1
857499 0
857500 20
857502 2
857505 2
857506 47
857507 3
857508 1
857509 1
857510 0
857511 0
857513 0
857514 2
857516 2
857517 5
857518 0
857519 1
857521 1
857523 5
857524 27
857526 0
857527 6
857528 1
857529 32
857530 8
857531 8
857532 8
857533 8
857535 8
857536 14
857537 0
857538 6
857539 8
857541 0
857544 1
857548 2
857549 65
857551 1
857552 0
857554 46
857555 0
857558 0
857559 80
857560 0
857561 21
857564 2
857565 5
857567 2
857571 1
857572 4
857575 6
857577 51
857579 1
857580 0
857581 10
857582 7
857583 2
857584 2
857585 5
857587 0
857588 0
857590 9
857593 1
857595 9
857598 2
857599 6
857600 3
857601 8
857602 6
857603 4
857604 59
857605 3
857606 40
857607 5
857608 8
857609 8
857610 8
857611 8
857612 32
857614 0
857615 52
857618 1
857619 0
857622 6
857623 8
857624 1
857626 6
857629 5
857630 4
857631 0
857632 2
857633 3
857634 0
857635 2
857637 4
857638 0
857639 8
857640 8
857641 8
857644 5
857646 4
857647 1
857649 3
857651 61
857652 7
857653 0
857655 1
857656 5
857658 3
857659 0
857660 0
857661 2
857662 2
857664 21
857665 10
857666 20
857667 0
857668 26
857669 14
857670 1
857671 0
857672 0
857673 0
857675 1
857676 10
857679 0
857680 1
857681 3
857682 33
857684 1
857685 4
857686 71
857687 1
857688 1
857689 0
857690 4
857692 3
857693 72
857694 28
857696 67
857698 58
857699 13
857701 0
857703 0
857704 0
857705 2
857706 0
857707 2
857708 27
857710 6
857711 6
857713 6
857714 1
857715 2
857716 9
857717 4
857718 52
857719 10
857722 5
857723 5
857724 1
857725 3
857726 0
857730 0
857731 7
857732 2
857734 3
857735 0
857736 0
857739 8
857740 8
857741 8
857742 0
857743 18
857744 18
857745 3
857746 0
857750 1
857751 1
857752 6
857754 4
857757 9
857758 4
857759 0
857760 5
857761 5
857763 5
857765 53
857768 31
857769 3
857770 0
857771 6
857773 0
857776 4
857777 2
857778 22
857780 3
857781 3
857782 6
857783 4
857784 1
857785 1
857786 4
857790 6
857791 10
857792 5
857796 0
857799 50
857800 8
857801 1
857803 2
857804 8
857805 8
857806 8
857807 8
857808 11
857809 8
857810 8
857811 8
857812 8
857813 32
857814 8
857816 6
857817 25
857822 11
857823 4
857824 20
857826 1
857828 1
857829 4
857830 0
857832 0
857834 0
857836 1
857837 5
857838 0
857839 0
857841 0
857842 6
857843 0
857845 1
857846 18
857847 3
857849 0
857850 4
857851 14
857852 7
857854 0
857856 62
857857 62
857858 6
857859 4
857861 3
857862 5
857863 2
857864 2
857865 5
857866 4
857867 4
857868 5
857870 73
857871 4
857873 0
857874 73
857875 1
857879 5
857880 4
857881 78
857882 2
857883 4
857885 1
857886 2
857888 2
857889 3
857893 2
857894 19
857895 2
857896 15
857897 54
857899 1
857900 0
857901 0
857902 0
857904 7
857905 0
857906 0
857907 2
857909 2
857911 1
857912 1
857913 1
857914 0
857915 1
857917 15
857918 0
857919 3
857920 1
857921 9
857922 4
857925 1
857926 53
857929 4
857930 6
857932 3
857934 76
857935 0
857937 5
857938 0
857939 6
857940 6
857941 5
857945 4
857947 22
857948 3
857949 17
857950 0
857951 0
857952 4
857954 7
857955 7
857958 67
857960 6
857961 0
857962 0
857963 9
857964 78
857966 1
857967 5
857968 2
857970 0
857971 0
857972 4
857973 1
857974 2
857976 1
857978 21
857979 0
857980 2
857981 55
857982 1
857983 0
857984 6
857985 16
857986 2
857989 0
857990 0
857991 11
857992 3
857994 1
857995 1
857996 5
858000 9
858001 5
858002 1
858003 1
858004 5
858005 5
858007 0
858010 10
858011 1
858012 2
858014 0
858015 0
858016 1
858017 1
858018 10
858022 0
858023 0
858024 4
858026 30
858027 1
858028 1
858029 1
858030 9
858033 56
858036 72
858037 4
858040 16
858041 0
858043 83
858045 0
858046 6
858047 0
858050 1
858052 1
858054 1
858055 5
858056 45
858057 56
858058 1
858059 0
858060 2
858063 9
858066 34
858068 31
858069 2
858071 2
858073 6
858076 3
858077 3
858078 44
858079 0
858080 3
858081 75
858082 6
858084 6
858085 1
858086 10
858087 4
858090 21
858091 1
858092 6
858093 0
858095 11
858096 4
858097 0
858098 4
858099 6
858100 0
858101 1
858103 0
858109 57
858111 7
858112 2
858113 17
858114 54
858115 3
858118 2
858119 14
858120 18
858121 9
858122 4
858123 7
858124 0
858129 1
858130 9
858131 0
858133 18
858136 7
858137 7
858138 1
858139 7
858141 13
858142 0
858143 3
858144 68
858146 2
858147 0
858149 0
858150 1
858152 9
858153 0
858155 1
858156 3
858158 5
858159 0
858160 2
858163 3
858164 1
858167 1
858169 18
858170 0
858172 4
858174 49
858175 0
858177 25
858178 0
858179 2
858182 3
858183 0
858184 2
858186 1
858187 3
858190 15
858191 6
858193 2
858195 0
858197 57
858198 1
858200 38
858203 4
858204 0
858207 1
858208 4
858209 3
858210 0
858211 74
858212 9
858213 2
858214 2
858216 5
858218 0
858221 0
858222 9
858223 24
858224 2
858226 0
858227 3
858228 2
858229 0
858230 2
858232 7
858234 3
858235 3
858236 7
858238 4
858243 5
858250 6
858251 4
858252 4
858254 0
858256 81
858259 55
858260 1
858261 4
858262 6
858263 0
858265 0
858266 2
858267 10
858268 10
858269 5
858271 0
858273 33
858274 9
858276 1
858279 4
858280 4
858281 0
858283 3
858284 3
858285 13
858286 2
858289 0
858290 0
858292 79
858294 1
858296 6
858299 6
858301 19
858304 1
858305 33
858309 4
858311 63
858315 2
858317 0
858318 0
858319 79
858320 7
858321 9
858322 0
858323 2
858324 1
858325 1
858326 3
858327 2
858329 68
858330 0
858331 2
858332 5
858333 6
858334 3
858335 63
858336 1
858337 1
858339 11
858340 8
858341 0
858342 16
858343 0
858345 1
858347 5
858349 5
858350 51
858353 3
858355 7
858356 10
858357 3
858358 0
858361 14
858362 5
858363 0
858364 6
858365 43
858366 0
858368 0
858369 1
858373 82
858374 12
858375 12
858377 80
858379 0
858381 81
858382 7
858383 1
858384 1
858385 4
858386 8
858387 7
858389 0
858391 1
858392 5
858393 1
858394 6
858395 7
858396 0
858397 0
858398 9
858399 83
858400 3
858401 61
858402 6
858404 11
858405 3
858406 5
858408 64
858410 0
858411 5
858412 8
858413 2
858415 64
858416 4
858417 10
858418 0
858419 0
858420 14
858425 1
858427 0
858428 1
858429 82
858430 76
858431 0
858433 1
858434 1
858437 0
858440 7
