856559 0
856560 10
856561 1
856562 25
856563 28
856564 35
856567 23
856570 38
856571 9
856572 47
856573 48
856574 53
856575 54
856577 11
856578 55
856579 11
856580 38
856581 59
856582 61
856583 2
856584 11
856585 2
856587 64
856589 2
856590 68
856591 69
856592 70
856594 36
856595 9
856596 66
856597 17
856600 3
856601 83
856602 84
856603 85
856604 86
856605 87
856607 10
856608 89
856609 90
856610 91
856612 2
856614 2
856615 92
856617 11
856618 9
856620 93
856621 18
856622 97
856623 9
856624 53
856625 11
856626 18
856627 11
856628 18
856629 4
856630 100
856631 132
856633 38
856634 79
856637 89
856638 11
856639 112
856640 3
856641 113
856642 28
856643 11
856644 26
856645 10
856647 40
856649 88
856650 9
856651 58
856652 36
856653 26
856656 103
856657 12
856658 9
856659 5
856660 127
856661 129
856662 11
856663 123
856665 131
856666 48
856667 2
856668 13
856669 139
856670 11
856671 17
856672 9
856673 25
856674 141
856678 142
856679 88
856680 9
856681 145
856682 145
856684 148
856685 38
856686 152
856687 115
856688 6
856690 10
856691 3
856692 11
856693 88
856696 11
856697 91
856698 29
856699 5
856700 11
856701 9
856702 156
856703 35
856704 30
856705 92
856706 48
856707 23
856708 71
856709 65
856710 10
856711 157
856712 149
856713 58
856714 150
856715 48
856716 163
856717 9
856719 164
856720 127
856722 9
856725 166
856726 11
856727 17
856728 168
856729 168
856730 56
856731 147
856732 169
856733 88
856734 11
856736 18
856737 13
856738 154
856739 10
856740 164
856741 144
856742 144
856743 144
856744 59
856747 9
856748 176
856749 12
856750 33
856751 26
856752 36
856754 144
856755 177
856756 120
856757 269
856758 88
856759 18
856760 176
856761 272
856764 9
856765 17
856766 10
856767 51
856768 11
856770 9
856771 11
856773 49
856774 9
856775 13
856777 108
856778 10
856779 57
856780 26
856781 182
856782 130
856783 164
856784 183
856785 164
856786 184
856787 10
856788 143
856789 250
856790 184
856794 185
856796 18
856797 6
856798 110
856799 55
856800 159
856801 123
856802 4
856803 27
856804 189
856805 172
856806 7
856807 191
856808 73
856809 192
856811 121
856812 31
856813 94
856814 89
856815 134
856816 18
856817 116
856819 3
856820 8
856823 144
856824 36
856825 90
856826 251
856827 5
856828 9
856829 66
856830 11
856831 101
856832 35
856833 9
856834 90
856836 55
856837 120
856839 33
856840 8
856841 10
856842 129
856843 11
856844 1
856845 11
856846 70
856848 10
856851 182
856852 100
856855 165
856856 176
856857 2
856858 2
856859 173
856861 11
856863 17
856869 199
856870 70
856871 199
856872 126
856874 63
856875 61
856876 33
856878 11
856880 49
856881 172
856882 172
856884 194
856885 164
856886 141
856887 36
856889 5
856890 36
856892 4
856893 36
856894 203
856896 190
856897 48
856900 9
856901 204
856902 7
856903 90
856904 150
856905 94
856906 9
856907 4
856908 40
856909 161
856910 48
856911 185
856912 165
856914 2
856916 35
856917 19
856918 38
856919 9
856920 170
856921 115
856922 32
856925 132
856926 208
856927 10
856930 33
856931 33
856932 28
856933 143
856934 270
856935 209
856936 26
856938 41
856939 155
856940 31
856941 149
856942 11
856944 5
856945 53
856946 5
856949 117
856950 71
856951 36
856952 9
856954 2
856955 36
856956 23
856957 172
856959 89
856960 51
856961 0
856962 0
856963 0
856965 272
856966 50
856967 155
856969 0
856970 53
856971 186
856972 210
856973 123
856974 33
856975 34
856976 190
856978 79
856979 47
856981 158
856982 11
856983 33
856985 134
856986 28
856987 20
856988 55
856989 212
856992 7
856993 112
856994 90
856996 111
856998 7
856999 9
857000 0
857001 51
857003 9
857004 47
857005 9
857006 90
857007 81
857008 82
857009 18
857010 9
857011 33
857012 2
857013 18
857014 159
857018 0
857019 77
857020 214
857022 192
857024 200
857025 210
857026 116
857027 62
857029 11
857031 215
857032 50
857033 217
857035 218
857036 10
857037 9
857038 28
857041 93
857042 9
857043 17
857044 47
857045 219
857046 64
857047 203
857048 30
857050 220
857051 86
857052 11
857053 92
857054 18
857055 42
857057 161
857059 28
857060 11
857061 28
857062 18
857064 5
857069 10
857070 28
857071 129
857072 77
857073 136
857074 209
857075 2
857076 36
857077 108
857078 9
857079 51
857080 133
857081 17
857083 28
857084 90
857085 4
857086 24
857088 47
857090 33
857091 58
857092 145
857094 21
857095 73
857096 18
857097 129
857098 159
857099 196
857101 108
857102 187
857103 90
857104 188
857105 11
857106 81
857107 259
857108 9
857110 117
857113 48
857114 32
857115 34
857118 98
857119 75
857120 110
857121 14
857122 14
857127 9
857128 128
857129 30
857130 64
857131 91
857132 5
857133 123
857135 9
857136 177
857137 192
857138 65
857139 4
857141 24
857142 33
857144 150
857145 11
857146 11
857147 75
857149 8
857150 61
857151 225
857152 226
857155 260
857156 160
857157 58
857158 150
857159 205
857160 188
857161 2
857167 140
857168 140
857169 54
857170 4
857172 17
857173 4
857174 160
857175 167
857176 69
857177 124
857178 227
857179 171
857181 15
857182 11
857183 179
857184 33
857185 10
857187 12
857188 165
857191 9
857192 97
857193 34
857196 36
857197 130
857200 188
857201 11
857202 4
857203 9
857204 11
857205 9
857206 36
857208 5
857209 19
857210 70
857211 55
857212 3
857213 45
857215 163
857216 107
857217 228
857218 35
857219 9
857220 96
857221 155
857222 252
857223 139
857224 48
857226 134
857227 264
857228 264
857229 11
857230 229
857231 229
857233 261
857234 178
857235 109
857236 167
857237 172
857238 230
857239 230
857242 48
857244 9
857245 5
857247 151
857248 47
857251 7
857253 11
857254 33
857255 211
857257 34
857258 123
857259 212
857260 22
857261 152
857264 55
857266 189
857269 261
857270 88
857272 43
857273 43
857274 172
857275 11
857278 53
857279 11
857280 231
857281 2
857282 129
857283 15
857284 187
857285 142
857286 233
857287 38
857288 23
857289 30
857290 24
857291 9
857294 38
857295 107
857296 155
857297 136
857298 226
857299 9
857300 10
857302 142
857303 81
857304 9
857305 12
857309 64
857310 18
857311 108
857312 9
857313 122
857314 67
857316 210
857317 146
857318 9
857320 24
857321 146
857322 2
857323 135
857325 2
857326 122
857327 112
857328 146
857329 146
857330 146
857332 52
857333 216
857334 7
857335 9
857336 43
857337 95
857339 11
857340 2
857341 18
857343 219
857344 9
857345 9
857346 215
857347 23
857349 163
857350 137
857352 11
857354 57
857356 34
857357 35
857359 206
857360 165
857361 234
857365 198
857367 35
857368 99
857369 88
857370 51
857375 11
857376 63
857378 37
857379 47
857381 9
857383 7
857385 11
857386 130
857389 221
857391 234
857392 33
857395 221
857396 2
857397 2
857398 99
857399 265
857400 227
857402 235
857404 89
857405 9
857407 72
857409 122
857410 206
857411 10
857412 81
857413 265
857414 33
857415 1
857416 161
857417 111
857420 266
857421 138
857422 9
857423 48
857424 64
857426 147
857428 173
857429 35
857430 145
857431 35
857432 162
857433 61
857434 48
857435 19
857437 11
857438 145
857439 84
857440 9
857441 48
857442 4
857443 43
857444 113
857445 18
857446 9
857447 202
857448 170
857449 11
857451 14
857453 20
857454 9
857455 173
857456 72
857457 207
857458 9
857459 51
857460 78
857461 53
857462 10
857463 171
857464 186
857465 180
857468 40
857469 9
857470 155
857471 38
857472 33
857474 10
857475 37
857477 159
857479 82
857480 27
857481 10
857482 67
857487 17
857488 89
857489 23
857492 10
857493 171
857495 9
857496 88
857497 48
857498 9
857499 33
857500 59
857502 50
857505 96
857506 228
857507 116
857508 9
857509 11
857510 33
857511 199
857513 137
857514 48
857516 204
857517 151
857518 28
857519 11
857521 40
857523 31
857524 209
857526 13
857527 178
857528 9
857529 253
857530 237
857531 237
857532 237
857533 237
857535 146
857536 195
857537 6
857538 150
857539 125
857541 8
857544 9
857548 48
857549 260
857551 16
857552 71
857554 225
857555 143
857558 8
857559 275
857560 132
857561 191
857564 89
857565 78
857567 48
857571 18
857572 35
857575 81
857577 175
857579 238
857580 65
857581 102
857582 98
857583 135
857584 51
857585 239
857587 9
857588 2
857590 55
857593 179
857595 56
857598 48
857599 119
857600 2
857601 237
857602 178
857603 112
857604 251
857605 41
857606 183
857607 9
857608 237
857609 237
857610 254
857611 237
857612 253
857614 122
857615 240
857618 9
857619 10
857622 81
857623 146
857624 59
857626 81
857629 154
857630 141
857631 121
857632 48
857633 41
857634 2
857635 89
857637 35
857638 137
857639 125
857640 146
857641 146
857644 70
857646 241
857647 9
857649 10
857651 255
857652 34
857653 222
857655 11
857656 45
857658 145
857659 69
857660 88
857661 135
857662 18
857664 191
857665 234
857666 60
857667 122
857668 14
857669 195
857670 238
857671 138
857672 107
857673 10
857675 238
857676 103
857679 58
857680 53
857681 10
857682 44
857684 40
857685 124
857686 266
857687 9
857688 233
857689 201
857690 188
857692 73
857693 267
857694 152
857696 262
857698 250
857699 68
857701 14
857703 69
857704 32
857705 133
857706 33
857707 52
857708 209
857710 153
857711 47
857713 161
857714 53
857715 157
857716 91
857717 39
857718 240
857719 103
857722 11
857723 193
857724 242
857725 142
857726 14
857730 196
857731 118
857732 157
857734 74
857735 5
857736 79
857739 125
857740 125
857741 125
857742 24
857743 243
857744 243
857745 74
857746 10
857750 11
857751 53
857752 150
857754 124
857757 57
857758 6
857759 9
857760 193
857761 151
857763 31
857765 244
857768 83
857769 75
857770 143
857771 224
857773 29
857776 35
857777 48
857778 113
857780 36
857781 36
857782 178
857783 26
857784 18
857785 11
857786 35
857790 161
857791 103
857792 45
857796 2
857799 235
857800 254
857801 11
857803 51
857804 237
857805 254
857806 237
857807 237
857808 196
857809 237
857810 237
857811 237
857812 237
857813 253
857814 237
857816 131
857817 227
857822 232
857823 188
857824 60
857826 11
857828 11
857829 26
857830 21
857832 69
857834 53
857836 9
857837 46
857838 71
857839 33
857841 30
857842 115
857843 197
857845 11
857846 243
857847 75
857849 197
857850 124
857851 111
857852 86
857854 47
857856 256
857857 256
857858 30
857859 27
857861 90
857862 23
857863 95
857864 48
857865 45
857866 25
857867 25
857868 11
857870 268
857871 25
857873 197
857874 268
857875 23
857879 151
857880 25
857881 273
857882 52
857883 35
857885 226
857886 48
857888 51
857889 90
857893 50
857894 215
857895 206
857896 168
857897 245
857899 18
857900 101
857901 80
857902 22
857904 34
857905 34
857906 34
857907 181
857909 48
857911 40
857912 40
857913 11
857914 14
857915 9
857917 168
857918 137
857919 236
857920 213
857921 55
857922 112
857925 53
857926 244
857929 188
857930 47
857932 236
857934 271
857935 32
857937 78
857938 222
857939 47
857940 81
857941 11
857945 4
857947 113
857948 7
857949 167
857950 14
857951 88
857952 4
857954 190
857955 98
857958 262
857960 186
857961 10
857962 65
857963 129
857964 273
857966 11
857967 154
857968 158
857970 5
857971 5
857972 2
857973 43
857974 205
857976 11
857978 191
857979 69
857980 93
857981 247
857982 9
857983 101
857984 153
857985 208
857986 211
857989 12
857990 138
857991 187
857992 90
857994 9
857995 226
857996 239
858000 129
858001 151
858002 11
858003 23
858004 246
858005 246
858007 198
858010 82
858011 9
858012 87
858014 21
858015 30
858016 9
858017 9
858018 104
858022 107
858023 2
858024 35
858026 15
858027 242
858028 9
858029 9
858030 55
858033 248
858036 267
858037 188
858040 126
858041 199
858043 278
858045 198
858046 47
858047 5
858050 53
858052 9
858054 59
858055 171
858056 218
858057 248
858058 10
858059 33
858060 149
858063 129
858066 117
858068 83
858069 162
858071 220
858073 150
858076 174
858077 9
858078 217
858079 67
858080 174
858081 270
858082 161
858084 37
858085 114
858086 100
858087 188
858090 191
858091 23
858092 224
858093 80
858095 232
858096 188
858097 64
858098 6
858099 224
858100 105
858101 11
858103 10
858109 249
858111 85
858112 185
858113 167
858114 245
858115 36
858118 206
858119 111
858120 12
858121 129
858122 4
858123 118
858124 13
858129 9
858130 55
858131 41
858133 12
858136 62
858137 5
858138 114
858139 5
858141 165
858142 143
858143 16
858144 263
858146 149
858147 12
858149 101
858150 144
858152 129
858153 24
858155 9
858156 72
858158 147
858159 5
858160 202
858163 36
858164 9
858167 9
858169 243
858170 132
858172 112
858174 231
858175 10
858177 227
858178 5
858179 49
858182 174
858183 137
858184 148
858186 9
858187 36
858190 54
858191 153
858193 48
858195 71
858197 249
858198 11
858200 169
858203 156
858204 14
858207 9
858208 112
858209 90
858210 88
858211 269
858212 55
858213 108
858214 48
858216 70
858218 28
858221 30
858222 56
858223 192
858224 109
858226 2
858227 76
858228 48
858229 5
858230 181
858232 98
858234 76
858235 90
858236 190
858238 200
858243 9
858250 47
858251 124
858252 241
858254 2
858256 276
858259 247
858260 40
858261 35
858262 150
858263 207
858265 14
858266 202
858267 82
858268 3
858269 70
858271 259
858273 44
858274 252
858276 9
858279 124
858280 39
858281 14
858283 223
858284 223
858285 68
858286 87
858289 80
858290 24
858292 274
858294 9
858296 161
858299 47
858301 216
858304 53
858305 44
858309 124
858311 257
858315 93
858317 79
858318 201
858319 274
858320 2
858321 55
858322 101
858323 181
858324 53
858325 11
858326 173
858327 180
858329 263
858330 21
858331 108
858332 145
858333 119
858334 7
858335 257
858336 43
858337 43
858339 187
858340 125
858341 64
858342 126
858343 14
858345 11
858347 78
858349 239
858350 175
858353 142
858355 5
858356 102
858357 36
858358 64
858361 195
858362 145
858363 121
858364 81
858365 214
858366 14
858368 10
858369 9
858373 277
858374 166
858375 166
858377 275
858379 6
858381 276
858382 86
858383 16
858384 16
858385 194
858386 125
858387 34
858389 105
858391 37
858392 145
858393 9
858394 178
858395 97
858396 13
858397 105
858398 55
858399 278
858400 9
858401 255
858402 115
858404 187
858405 42
858406 46
858408 258
858410 28
858411 105
858412 146
858413 158
858415 258
858416 4
858417 104
858418 128
858419 10
858420 195
858425 16
858427 106
858428 16
858429 277
858430 271
858431 201
858433 53
858434 213
858437 106
858440 34
