856559 0
856560 5
856561 1
856562 22
856563 14
856564 30
856567 20
856570 32
856571 7
856572 41
856573 42
856574 7
856575 52
856577 5
856578 53
856579 5
856580 32
856581 7
856582 59
856583 32
856584 5
856585 2
856587 5
856589 54
856590 65
856591 8
856592 66
856594 67
856595 7
856596 5
856597 16
856600 3
856601 77
856602 78
856603 79
856604 80
856605 50
856607 63
856608 83
856609 84
856610 86
856612 54
856614 54
856615 87
856617 5
856618 7
856620 88
856621 17
856622 60
856623 7
856624 7
856625 5
856626 7
856627 5
856628 8
856629 4
856630 94
856631 127
856633 32
856634 0
856637 83
856638 5
856639 30
856640 75
856641 105
856642 14
856643 5
856644 107
856645 8
856647 7
856649 82
856650 7
856651 57
856652 30
856653 108
856656 120
856657 34
856658 7
856659 123
856660 125
856661 56
856662 5
856663 117
856665 5
856666 43
856667 54
856668 17
856669 133
856670 5
856671 73
856672 7
856673 25
856674 135
856678 30
856679 82
856680 7
856681 136
856682 136
856684 128
856685 32
856686 140
856687 109
856688 40
856690 8
856691 75
856692 5
856693 82
856696 5
856697 53
856698 26
856699 0
856700 5
856701 7
856702 145
856703 31
856704 5
856705 87
856706 42
856707 20
856708 67
856709 5
856710 8
856711 49
856712 45
856713 114
856714 64
856715 42
856716 83
856717 242
856719 154
856720 125
856722 7
856725 156
856726 5
856727 16
856728 158
856729 158
856730 55
856731 138
856732 159
856733 110
856734 5
856736 7
856737 17
856738 138
856739 9
856740 7
856741 163
856742 163
856743 163
856744 58
856747 7
856748 165
856749 5
856750 0
856751 23
856752 30
856754 7
856755 166
856756 76
856757 261
856758 81
856759 7
856760 165
856761 264
856764 7
856765 73
856766 10
856767 47
856768 5
856770 5
856771 5
856773 44
856774 7
856775 5
856777 101
856778 9
856779 56
856780 23
856781 170
856782 126
856783 162
856784 171
856785 162
856786 172
856787 10
856788 132
856789 243
856790 172
856794 150
856796 7
856797 5
856798 103
856799 53
856800 149
856801 117
856802 16
856803 24
856804 9
856805 9
856806 6
856807 174
856808 70
856809 175
856811 115
856812 5
856813 89
856814 177
856815 43
856816 7
856817 178
856819 75
856820 0
856823 163
856824 30
856825 85
856826 244
856827 81
856828 7
856829 5
856830 5
856831 95
856832 31
856833 7
856834 84
856836 53
856837 76
856839 28
856840 32
856841 10
856842 56
856843 5
856844 1
856845 5
856846 66
856848 10
856851 170
856852 94
856855 155
856856 165
856857 8
856858 54
856859 160
856861 5
856863 74
856869 99
856870 66
856871 182
856872 124
856874 61
856875 59
856876 28
856878 5
856880 44
856881 9
856882 9
856884 31
856885 162
856886 135
856887 30
856889 123
856890 30
856892 5
856893 30
856894 185
856896 186
856897 45
856900 7
856901 187
856902 13
856903 85
856904 64
856905 89
856906 37
856907 35
856908 7
856909 188
856910 42
856911 150
856912 155
856914 33
856916 146
856917 5
856918 19
856919 7
856920 110
856921 109
856922 27
856925 127
856926 192
856927 5
856930 68
856931 193
856932 14
856933 28
856934 262
856935 194
856936 23
856938 36
856939 144
856940 5
856941 45
856942 5
856944 57
856945 7
856946 143
856949 112
856950 111
856951 30
856952 7
856954 54
856955 30
856956 20
856957 9
856959 83
856960 47
856961 241
856962 241
856963 241
856965 264
856966 46
856967 144
856969 241
856970 7
856971 34
856972 196
856973 117
856974 68
856975 29
856976 186
856978 197
856979 64
856981 148
856982 5
856983 68
856985 129
856986 14
856987 1
856988 53
856989 199
856992 6
856993 31
856994 84
856996 104
856998 6
856999 7
857000 4
857001 47
857003 7
857004 64
857005 7
857006 85
857007 64
857008 76
857009 7
857010 7
857011 28
857012 2
857013 7
857014 149
857018 0
857019 39
857020 201
857022 175
857024 183
857025 196
857026 178
857027 60
857029 5
857031 202
857032 46
857033 204
857035 205
857036 5
857037 37
857038 14
857041 90
857042 7
857043 34
857044 41
857045 207
857046 5
857047 185
857048 5
857050 208
857051 209
857052 5
857053 87
857054 7
857055 38
857057 188
857059 14
857060 5
857061 14
857062 7
857064 123
857069 40
857070 206
857071 56
857072 39
857073 57
857074 195
857075 33
857076 30
857077 150
857078 7
857079 48
857080 43
857081 73
857083 206
857084 85
857085 93
857086 17
857088 64
857090 28
857091 57
857092 136
857094 18
857095 70
857096 7
857097 56
857098 149
857099 7
857101 89
857102 212
857103 85
857104 173
857105 5
857106 64
857107 28
857108 7
857110 112
857113 177
857114 27
857115 29
857118 213
857119 214
857120 103
857121 11
857122 11
857127 7
857128 125
857129 64
857130 16
857131 86
857132 123
857133 117
857135 7
857136 166
857137 175
857138 147
857139 4
857141 28
857142 28
857144 64
857145 5
857146 5
857147 214
857149 0
857150 59
857151 215
857152 216
857155 252
857156 151
857157 114
857158 128
857159 189
857160 173
857161 2
857167 134
857168 134
857169 52
857170 93
857172 34
857173 93
857174 151
857175 157
857176 8
857177 118
857178 217
857179 142
857181 12
857182 5
857183 7
857184 193
857185 9
857187 121
857188 155
857191 7
857192 60
857193 29
857196 30
857197 126
857200 173
857201 5
857202 4
857203 7
857204 5
857205 7
857206 30
857208 57
857209 191
857210 66
857211 53
857212 3
857213 37
857215 91
857216 0
857217 218
857218 31
857219 7
857220 88
857221 144
857222 245
857223 133
857224 42
857226 43
857227 256
857228 256
857229 5
857230 219
857231 219
857233 253
857234 64
857235 102
857236 157
857237 9
857238 7
857239 7
857242 42
857244 7
857245 143
857247 139
857248 41
857251 6
857253 5
857254 7
857255 198
857257 29
857258 117
857259 199
857260 19
857261 140
857264 53
857266 9
857269 253
857270 82
857272 39
857273 39
857274 9
857275 5
857278 7
857279 5
857280 220
857281 54
857282 53
857283 12
857284 212
857285 30
857286 182
857287 98
857288 20
857289 5
857290 21
857291 7
857294 34
857295 0
857296 144
857297 57
857298 216
857299 7
857300 10
857302 30
857303 64
857304 7
857305 121
857309 110
857310 7
857311 150
857312 7
857313 116
857314 62
857316 196
857317 137
857318 7
857320 21
857321 137
857322 2
857323 152
857325 2
857326 116
857327 31
857328 137
857329 137
857330 137
857332 50
857333 203
857334 13
857335 2
857336 39
857337 88
857339 5
857340 63
857341 7
857343 207
857344 7
857345 7
857346 202
857347 20
857349 91
857350 223
857352 5
857354 56
857356 29
857357 31
857359 190
857360 155
857361 221
857365 19
857367 146
857368 7
857369 2
857370 47
857375 5
857376 61
857378 5
857379 39
857381 7
857383 13
857385 5
857386 126
857389 210
857391 221
857392 68
857395 210
857396 54
857397 92
857398 7
857399 257
857400 217
857402 224
857404 83
857405 7
857407 62
857409 116
857410 190
857411 8
857412 64
857413 257
857414 68
857415 21
857416 188
857417 104
857420 258
857421 154
857422 7
857423 48
857424 114
857426 5
857428 160
857429 146
857430 200
857431 146
857432 153
857433 59
857434 208
857435 191
857437 5
857438 136
857439 78
857440 7
857441 177
857442 5
857443 39
857444 105
857445 7
857446 7
857447 169
857448 110
857449 5
857451 11
857453 1
857454 7
857455 160
857456 69
857457 57
857458 7
857459 47
857460 40
857461 7
857462 5
857463 142
857464 34
857465 168
857468 7
857469 7
857470 144
857471 98
857472 0
857474 63
857475 160
857477 149
857479 76
857480 24
857481 13
857482 62
857487 73
857488 101
857489 20
857492 13
857493 126
857495 7
857496 95
857497 43
857498 7
857499 28
857500 58
857502 46
857505 88
857506 218
857507 7
857508 7
857509 5
857510 68
857511 182
857513 130
857514 42
857516 187
857517 139
857518 14
857519 5
857521 7
857523 5
857524 195
857526 17
857527 64
857528 7
857529 246
857530 225
857531 226
857532 226
857533 226
857535 137
857536 179
857537 2
857538 64
857539 222
857541 32
857544 7
857548 42
857549 252
857551 160
857552 111
857554 215
857555 73
857558 0
857559 267
857560 127
857561 174
857564 83
857565 40
857567 49
857571 7
857572 107
857575 64
857577 164
857579 227
857580 115
857581 96
857582 60
857583 152
857584 49
857585 99
857587 7
857588 92
857590 53
857593 7
857595 55
857598 42
857599 64
857600 54
857601 226
857602 64
857603 229
857604 244
857605 36
857606 171
857607 37
857608 226
857609 226
857610 247
857611 225
857612 246
857614 116
857615 230
857618 7
857619 120
857622 39
857623 137
857624 231
857626 64
857629 142
857630 135
857631 115
857632 48
857633 36
857634 16
857635 83
857637 31
857638 131
857639 222
857640 137
857641 137
857644 66
857646 232
857647 7
857649 9
857651 248
857652 29
857653 123
857655 5
857656 5
857658 136
857659 8
857660 2
857661 129
857662 7
857664 174
857665 221
857666 10
857667 116
857668 11
857669 179
857670 227
857671 132
857672 0
857673 8
857675 227
857676 57
857679 57
857680 7
857681 9
857682 7
857684 7
857685 118
857686 258
857687 7
857688 182
857689 184
857690 173
857692 70
857693 259
857694 140
857696 254
857698 243
857699 65
857701 11
857703 8
857704 14
857705 187
857706 28
857707 50
857708 194
857710 141
857711 39
857713 114
857714 7
857715 49
857716 86
857717 35
857718 230
857719 97
857722 5
857723 176
857724 216
857725 30
857726 11
857730 180
857731 113
857732 49
857734 71
857735 143
857736 197
857739 222
857740 222
857741 222
857742 27
857743 234
857744 234
857745 71
857746 8
857750 5
857751 7
857752 64
857754 118
857757 56
857758 128
857759 14
857760 176
857761 139
857763 5
857765 235
857768 77
857769 67
857770 128
857771 64
857773 26
857776 146
857777 51
857778 105
857780 64
857781 64
857782 64
857783 107
857784 7
857785 5
857786 146
857790 114
857791 97
857792 40
857796 8
857799 224
857800 247
857801 5
857803 47
857804 226
857805 247
857806 226
857807 226
857808 180
857809 225
857810 226
857811 226
857812 226
857813 246
857814 226
857816 5
857817 217
857822 212
857823 173
857824 10
857826 5
857828 5
857829 23
857830 18
857832 8
857834 68
857836 7
857837 7
857838 111
857839 28
857841 5
857842 109
857843 180
857845 5
857846 234
857847 214
857849 180
857850 118
857851 179
857852 81
857854 64
857856 249
857857 249
857858 64
857859 108
857861 84
857862 20
857863 88
857864 42
857865 5
857866 22
857867 25
857868 5
857870 260
857871 25
857873 180
857874 260
857875 20
857879 139
857880 25
857881 265
857882 129
857883 31
857885 216
857886 51
857888 47
857889 84
857893 46
857894 202
857895 190
857896 158
857897 236
857899 7
857900 95
857901 16
857902 5
857904 29
857905 29
857906 29
857907 228
857909 45
857911 7
857912 7
857913 5
857914 11
857915 7
857917 158
857918 131
857919 13
857920 185
857921 53
857922 30
857925 7
857926 235
857929 173
857930 41
857932 13
857934 263
857935 27
857937 40
857938 123
857939 41
857940 64
857941 5
857945 93
857947 105
857948 6
857949 157
857950 11
857951 18
857952 93
857954 186
857955 60
857958 254
857960 34
857961 8
857962 147
857963 56
857964 265
857966 5
857967 142
857968 148
857970 123
857971 123
857972 54
857973 39
857974 189
857976 144
857978 174
857979 8
857980 91
857981 238
857982 7
857983 95
857984 170
857985 192
857986 198
857989 122
857990 132
857991 137
857992 84
857994 7
857995 216
857996 99
858000 56
858001 139
858002 5
858003 20
858004 237
858005 237
858007 181
858010 76
858011 7
858012 50
858014 18
858015 5
858016 7
858017 7
858018 94
858022 0
858023 27
858024 31
858026 12
858027 216
858028 7
858029 7
858030 53
858033 239
858036 259
858037 173
858040 124
858041 182
858043 270
858045 19
858046 64
858047 81
858050 7
858052 7
858054 231
858055 142
858056 205
858057 239
858058 5
858059 28
858060 45
858063 56
858066 112
858068 77
858069 153
858071 208
858073 64
858076 161
858077 72
858078 204
858079 181
858080 161
858081 262
858082 188
858084 167
858085 106
858086 94
858087 173
858090 174
858091 20
858092 64
858093 16
858095 212
858096 173
858097 5
858098 128
858099 64
858100 99
858101 5
858103 10
858109 240
858111 79
858112 150
858113 157
858114 236
858115 30
858118 190
858119 104
858120 122
858121 53
858122 93
858123 113
858124 17
858129 7
858130 53
858131 74
858133 122
858136 60
858137 81
858138 106
858139 81
858141 155
858142 28
858143 160
858144 255
858146 45
858147 0
858149 95
858150 7
858152 56
858153 21
858155 7
858156 69
858158 138
858159 143
858160 169
858163 30
858164 7
858167 7
858169 234
858170 127
858172 229
858174 220
858175 10
858177 217
858178 31
858179 44
858182 161
858183 223
858184 128
858186 7
858187 64
858190 52
858191 141
858193 42
858195 111
858197 240
858198 5
858200 159
858203 145
858204 11
858207 7
858208 31
858209 84
858210 82
858211 261
858212 53
858213 101
858214 42
858216 66
858218 14
858221 5
858222 55
858223 175
858224 102
858226 33
858227 67
858228 48
858229 143
858230 228
858232 213
858234 67
858235 85
858236 81
858238 183
858243 242
858250 41
858251 118
858252 232
858254 27
858256 268
858259 238
858260 7
858261 31
858262 64
858263 57
858265 11
858266 169
858267 76
858268 3
858269 66
858271 28
858273 233
858274 245
858276 7
858279 118
858280 35
858281 11
858283 211
858284 211
858285 65
858286 50
858289 57
858290 21
858292 266
858294 7
858296 188
858299 41
858301 203
858304 7
858305 233
858309 118
858311 250
858315 90
858317 5
858318 184
858319 266
858320 209
858321 53
858322 95
858323 169
858324 7
858325 5
858326 160
858327 168
858329 255
858330 18
858331 101
858332 200
858333 64
858334 6
858335 250
858336 39
858337 39
858339 212
858340 119
858341 16
858342 124
858343 11
858345 7
858347 40
858349 99
858350 164
858353 30
858355 81
858356 96
858357 30
858358 5
858361 179
858362 200
858363 115
858364 64
858365 201
858366 11
858368 8
858369 7
858373 269
858374 156
858375 156
858377 267
858379 130
858381 268
858382 80
858383 15
858384 15
858385 31
858386 119
858387 29
858389 99
858391 20
858392 136
858393 7
858394 167
858395 59
858396 17
858397 99
858398 53
858399 270
858400 72
858401 248
858402 109
858404 212
858405 38
858406 7
858408 251
858410 14
858411 99
858412 137
858413 148
858415 251
858416 4
858417 94
858418 125
858419 10
858420 179
858425 15
858427 100
858428 15
858429 269
858430 263
858431 184
858433 7
858434 185
858437 100
858440 29
