856559 0
856560 6
856561 1
856562 23
856563 27
856564 34
856567 22
856570 35
856571 9
856572 15
856573 43
856574 53
856575 54
856577 6
856578 55
856579 6
856580 36
856581 9
856582 60
856583 35
856584 6
856585 2
856587 63
856589 56
856590 67
856591 69
856592 71
856594 72
856595 9
856596 64
856597 17
856600 3
856601 82
856602 83
856603 84
856604 85
856605 87
856607 63
856608 89
856609 90
856610 91
856612 56
856614 56
856615 92
856617 6
856618 9
856620 93
856621 18
856622 61
856623 9
856624 9
856625 6
856626 9
856627 6
856628 90
856629 4
856630 98
856631 128
856633 36
856634 66
856637 89
856638 6
856639 107
856640 250
856641 108
856642 27
856643 6
856644 109
856645 10
856647 9
856649 8
856650 9
856651 5
856652 117
856653 110
856656 101
856657 38
856658 9
856659 123
856660 125
856661 127
856662 6
856663 118
856665 6
856666 44
856667 56
856668 96
856669 132
856670 6
856671 9
856672 9
856673 26
856674 134
856678 74
856679 8
856680 9
856681 135
856682 135
856684 6
856685 36
856686 139
856687 112
856688 140
856690 6
856691 3
856692 6
856693 8
856696 6
856697 91
856698 28
856699 5
856700 6
856701 9
856702 143
856703 4
856704 29
856705 92
856706 50
856707 22
856708 73
856709 6
856710 10
856711 43
856712 137
856713 2
856714 15
856715 43
856716 93
856717 242
856719 68
856720 125
856722 10
856725 152
856726 6
856727 70
856728 154
856729 154
856730 55
856731 135
856732 155
856733 8
856734 6
856736 9
856737 96
856738 140
856739 11
856740 9
856741 161
856742 161
856743 161
856744 59
856747 9
856748 163
856749 6
856750 32
856751 24
856752 164
856754 9
856755 165
856756 114
856757 261
856758 86
856759 9
856760 163
856761 264
856764 9
856765 9
856766 10
856767 88
856768 6
856770 9
856771 6
856773 45
856774 9
856775 6
856777 103
856778 11
856779 170
856780 24
856781 171
856782 22
856783 159
856784 172
856785 159
856786 174
856787 10
856788 32
856789 243
856790 174
856794 175
856796 9
856797 6
856798 105
856799 55
856800 147
856801 118
856802 4
856803 119
856804 177
856805 11
856806 7
856807 179
856808 76
856809 180
856811 115
856812 30
856813 94
856814 168
856815 44
856816 9
856817 182
856819 250
856820 8
856823 161
856824 58
856825 90
856826 244
856827 86
856828 9
856829 64
856830 6
856831 99
856832 144
856833 9
856834 90
856836 55
856837 114
856839 32
856840 35
856841 10
856842 127
856843 6
856844 1
856845 6
856846 71
856848 10
856851 171
856852 98
856855 189
856856 163
856857 10
856858 56
856859 9
856861 6
856863 79
856869 36
856870 71
856871 76
856872 123
856874 62
856875 60
856876 32
856878 6
856880 45
856881 178
856882 178
856884 144
856885 173
856886 134
856887 15
856889 190
856890 74
856892 4
856893 34
856894 43
856896 86
856897 46
856900 9
856901 44
856902 7
856903 90
856904 15
856905 94
856906 40
856907 35
856908 9
856909 150
856910 43
856911 175
856912 68
856914 37
856916 25
856917 19
856918 21
856919 9
856920 156
856921 112
856922 31
856925 128
856926 124
856927 6
856930 75
856931 191
856932 27
856933 32
856934 262
856935 193
856936 24
856938 39
856939 142
856940 30
856941 137
856942 6
856944 5
856945 9
856946 141
856949 113
856950 73
856951 15
856952 9
856954 56
856955 74
856956 22
856957 178
856959 89
856960 88
856961 0
856962 0
856963 0
856965 264
856966 47
856967 142
856969 0
856970 9
856971 185
856972 195
856973 118
856974 75
856975 9
856976 86
856978 196
856979 15
856981 146
856982 6
856983 75
856985 44
856986 27
856987 1
856988 55
856989 198
856992 7
856993 111
856994 184
856996 106
856998 7
856999 9
857000 70
857001 88
857003 9
857004 15
857005 9
857006 90
857007 15
857008 81
857009 9
857010 9
857011 32
857012 65
857013 9
857014 147
857018 0
857019 78
857020 200
857022 180
857024 183
857025 195
857026 182
857027 61
857029 6
857031 201
857032 47
857033 202
857035 203
857036 6
857037 40
857038 27
857041 93
857042 9
857043 38
857044 15
857045 205
857046 63
857047 43
857048 29
857050 192
857051 206
857052 6
857053 92
857054 9
857055 9
857057 150
857059 27
857060 6
857061 27
857062 15
857064 124
857069 11
857070 204
857071 127
857072 78
857073 5
857074 193
857075 37
857076 58
857077 148
857078 9
857079 88
857080 44
857081 38
857083 204
857084 90
857085 4
857086 96
857088 15
857090 32
857091 5
857092 135
857094 20
857095 76
857096 9
857097 127
857098 147
857099 9
857101 94
857102 209
857103 90
857104 34
857105 6
857106 15
857107 251
857108 9
857110 113
857113 168
857114 31
857115 33
857118 210
857119 211
857120 105
857121 12
857122 12
857127 9
857128 126
857129 15
857130 63
857131 91
857132 190
857133 118
857135 9
857136 165
857137 180
857138 145
857139 4
857141 96
857142 32
857144 15
857145 6
857146 6
857147 211
857149 8
857150 60
857151 213
857152 85
857155 252
857156 149
857157 20
857158 15
857159 175
857160 176
857161 6
857167 133
857168 133
857169 54
857170 4
857172 38
857173 4
857174 149
857175 153
857176 69
857177 119
857178 214
857179 158
857181 13
857182 6
857183 166
857184 191
857185 11
857187 121
857188 189
857191 9
857192 61
857193 33
857196 58
857197 22
857200 176
857201 6
857202 4
857203 9
857204 6
857205 9
857206 34
857208 96
857209 19
857210 71
857211 55
857212 4
857213 42
857215 93
857216 8
857217 215
857218 34
857219 9
857220 95
857221 16
857222 57
857223 132
857224 43
857226 44
857227 256
857228 256
857229 6
857230 216
857231 216
857233 253
857234 15
857235 104
857236 153
857237 11
857238 9
857239 9
857242 43
857244 9
857245 141
857247 138
857248 15
857251 7
857253 6
857254 9
857255 197
857257 33
857258 118
857259 198
857260 21
857261 139
857264 55
857266 177
857269 253
857270 8
857272 9
857273 9
857274 178
857275 6
857278 53
857279 6
857280 217
857281 56
857282 127
857283 13
857284 209
857285 74
857286 219
857287 15
857288 22
857289 29
857290 221
857291 9
857294 38
857295 8
857296 142
857297 5
857298 85
857299 9
857300 10
857302 74
857303 15
857304 9
857305 121
857309 157
857310 9
857311 148
857312 9
857313 116
857314 66
857316 195
857317 136
857318 9
857320 17
857321 136
857322 65
857323 148
857325 65
857326 116
857327 111
857328 136
857329 136
857330 136
857332 51
857333 201
857334 7
857335 2
857336 9
857337 48
857339 6
857340 63
857341 9
857343 205
857344 9
857345 9
857346 201
857347 22
857349 205
857350 129
857352 6
857354 170
857356 141
857357 4
857359 175
857360 189
857361 220
857365 21
857367 25
857368 9
857369 8
857370 48
857375 6
857376 62
857378 30
857379 15
857381 9
857383 7
857385 6
857386 22
857389 101
857391 220
857392 75
857395 101
857396 56
857397 97
857398 9
857399 257
857400 214
857402 224
857404 89
857405 9
857407 72
857409 116
857410 175
857411 10
857412 15
857413 257
857414 75
857415 17
857416 150
857417 106
857420 258
857421 131
857422 9
857423 49
857424 63
857426 29
857428 11
857429 9
857430 135
857431 25
857432 151
857433 60
857434 51
857435 19
857437 6
857438 135
857439 83
857440 9
857441 168
857442 4
857443 9
857444 108
857445 9
857446 9
857447 169
857448 156
857449 6
857451 18
857453 1
857454 9
857455 11
857456 72
857457 157
857458 9
857459 88
857460 71
857461 53
857462 6
857463 158
857464 9
857465 167
857468 9
857469 9
857470 142
857471 15
857472 32
857474 18
857475 22
857477 147
857479 81
857480 25
857481 14
857482 17
857487 9
857488 168
857489 22
857492 14
857493 158
857495 9
857496 8
857497 44
857498 9
857499 32
857500 59
857502 45
857505 95
857506 215
857507 34
857508 9
857509 6
857510 75
857511 76
857513 129
857514 43
857516 137
857517 138
857518 27
857519 6
857521 9
857523 30
857524 193
857526 96
857527 15
857528 9
857529 245
857530 225
857531 226
857532 226
857533 226
857535 136
857536 186
857537 2
857538 15
857539 222
857541 35
857544 9
857548 43
857549 252
857551 16
857552 73
857554 213
857555 32
857558 8
857559 267
857560 128
857561 179
857564 89
857565 71
857567 43
857571 9
857572 111
857575 15
857577 162
857579 227
857580 32
857581 100
857582 61
857583 148
857584 88
857585 212
857587 9
857588 97
857590 55
857593 166
857595 55
857598 50
857599 15
857600 56
857601 226
857602 15
857603 229
857604 244
857605 39
857606 172
857607 40
857608 226
857609 226
857610 226
857611 225
857612 245
857614 116
857615 230
857618 9
857619 15
857622 15
857623 136
857624 231
857626 15
857629 140
857630 134
857631 115
857632 49
857633 39
857634 56
857635 89
857637 144
857638 130
857639 222
857640 136
857641 136
857644 71
857646 232
857647 9
857649 11
857651 246
857652 223
857653 207
857655 6
857656 42
857658 11
857659 69
857660 8
857661 44
857662 9
857664 179
857665 220
857666 10
857667 116
857668 173
857669 186
857670 227
857671 131
857672 8
857673 10
857675 227
857676 101
857679 5
857680 53
857681 11
857682 41
857684 9
857685 119
857686 258
857687 9
857688 219
857689 76
857690 176
857692 76
857693 259
857694 139
857696 254
857698 243
857699 67
857701 18
857703 69
857704 27
857705 44
857706 32
857707 51
857708 193
857710 112
857711 15
857713 150
857714 9
857715 43
857716 91
857717 35
857718 230
857719 101
857722 30
857723 181
857724 233
857725 74
857726 18
857730 187
857731 141
857732 43
857734 77
857735 141
857736 196
857739 222
857740 222
857741 222
857742 15
857743 234
857744 234
857745 77
857746 10
857750 6
857751 53
857752 15
857754 119
857757 57
857758 140
857759 15
857760 181
857761 138
857763 30
857765 235
857768 82
857769 72
857770 32
857771 15
857773 28
857776 25
857777 52
857778 108
857780 15
857781 15
857782 15
857783 109
857784 9
857785 6
857786 25
857790 150
857791 101
857792 42
857796 10
857799 224
857800 226
857801 6
857803 88
857804 226
857805 226
857806 226
857807 226
857808 187
857809 225
857810 226
857811 226
857812 226
857813 245
857814 226
857816 6
857817 214
857822 218
857823 176
857824 10
857826 6
857828 6
857829 24
857830 20
857832 69
857834 53
857836 9
857837 9
857838 73
857839 32
857841 29
857842 112
857843 188
857845 6
857846 234
857847 211
857849 188
857850 119
857851 106
857852 86
857854 15
857856 247
857857 247
857858 15
857859 110
857861 184
857862 22
857863 94
857864 50
857865 42
857866 23
857867 26
857868 4
857870 260
857871 119
857873 188
857874 260
857875 22
857879 138
857880 26
857881 265
857882 51
857883 183
857885 85
857886 52
857888 48
857889 90
857893 168
857894 201
857895 175
857896 154
857897 236
857899 9
857900 99
857901 80
857902 21
857904 33
857905 33
857906 33
857907 50
857909 46
857911 9
857912 9
857913 6
857914 18
857915 9
857917 154
857918 130
857919 14
857920 199
857921 55
857922 107
857925 53
857926 235
857929 176
857930 15
857932 14
857934 263
857935 31
857937 30
857938 207
857939 15
857940 15
857941 6
857945 4
857947 108
857948 7
857949 153
857950 12
857951 20
857952 4
857954 86
857955 61
857958 254
857960 185
857961 10
857962 145
857963 127
857964 265
857966 6
857967 140
857968 146
857970 190
857971 190
857972 56
857973 9
857974 175
857976 16
857978 179
857979 69
857980 93
857981 238
857982 9
857983 99
857984 171
857985 124
857986 197
857989 122
857990 131
857991 136
857992 184
857994 9
857995 85
857996 228
858000 127
858001 15
858002 6
858003 22
858004 237
858005 237
858007 79
858010 81
858011 9
858012 87
858014 20
858015 29
858016 9
858017 9
858018 102
858022 8
858023 160
858024 107
858026 13
858027 233
858028 9
858029 9
858030 55
858033 239
858036 259
858037 176
858040 32
858041 76
858043 270
858045 21
858046 15
858047 86
858050 53
858052 9
858054 231
858055 158
858056 203
858057 239
858058 6
858059 32
858060 137
858063 127
858066 113
858068 82
858069 151
858071 192
858073 15
858076 11
858077 9
858078 202
858079 4
858080 240
858081 262
858082 9
858084 15
858085 92
858086 98
858087 176
858090 179
858091 22
858092 15
858093 80
858095 218
858096 176
858097 6
858098 6
858099 15
858100 36
858101 6
858103 10
858109 241
858111 84
858112 43
858113 153
858114 236
858115 164
858118 175
858119 106
858120 122
858121 127
858122 4
858123 9
858124 96
858129 9
858130 55
858131 79
858133 122
858136 61
858137 86
858138 92
858139 86
858141 189
858142 192
858143 11
858144 255
858146 137
858147 1
858149 99
858150 9
858152 127
858153 17
858155 9
858156 72
858158 135
858159 141
858160 169
858163 117
858164 9
858167 9
858169 122
858170 128
858172 229
858174 217
858175 10
858177 214
858178 141
858179 45
858182 240
858183 129
858184 6
858186 9
858187 15
858190 54
858191 112
858193 43
858195 73
858197 241
858198 6
858200 155
858203 143
858204 12
858207 9
858208 111
858209 184
858210 8
858211 261
858212 55
858213 103
858214 43
858216 71
858218 27
858221 29
858222 55
858223 180
858224 104
858226 37
858227 72
858228 49
858229 141
858230 50
858232 210
858234 72
858235 90
858236 86
858238 183
858243 242
858250 15
858251 119
858252 232
858254 160
858256 268
858259 238
858260 9
858261 144
858262 15
858263 31
858265 18
858266 169
858267 81
858268 3
858269 71
858271 251
858273 41
858274 57
858276 9
858279 119
858280 35
858281 18
858283 208
858284 208
858285 68
858286 87
858289 80
858290 221
858292 266
858294 9
858296 150
858299 15
858301 201
858304 9
858305 41
858309 119
858311 248
858315 93
858317 76
858318 194
858319 266
858320 206
858321 55
858322 99
858323 169
858324 9
858325 6
858326 9
858327 167
858329 255
858330 20
858331 103
858332 135
858333 15
858334 7
858335 248
858336 9
858337 9
858339 209
858340 120
858341 63
858342 124
858343 18
858345 6
858347 71
858349 228
858350 162
858353 74
858355 86
858356 100
858357 58
858358 63
858361 186
858362 135
858363 115
858364 15
858365 200
858366 18
858368 10
858369 9
858373 269
858374 152
858375 152
858377 267
858379 129
858381 268
858382 85
858383 16
858384 16
858385 144
858386 120
858387 223
858389 36
858391 22
858392 135
858393 9
858394 15
858395 60
858396 96
858397 36
858398 55
858399 270
858400 9
858401 246
858402 112
858404 209
858405 117
858406 9
858408 249
858410 27
858411 212
858412 136
858413 146
858415 249
858416 4
858417 102
858418 126
858419 10
858420 186
858425 16
858427 36
858428 16
858429 269
858430 263
858431 194
858433 53
858434 199
858437 36
858440 223
