856559 0
856560 1
856561 1
856562 16
856563 19
856564 25
856567 1
856570 27
856571 32
856572 41
856573 42
856574 48
856575 49
856577 1
856578 50
856579 1
856580 27
856581 35
856582 55
856583 28
856584 1
856585 2
856587 1
856589 51
856590 59
856591 3
856592 62
856594 12
856595 32
856596 1
856597 5
856600 3
856601 73
856602 74
856603 75
856604 5
856605 77
856607 9
856608 79
856609 80
856610 81
856612 51
856614 51
856615 82
856617 1
856618 33
856620 46
856621 10
856622 56
856623 67
856624 48
856625 1
856626 15
856627 1
856628 3
856629 4
856630 90
856631 5
856633 29
856634 66
856637 79
856638 1
856639 26
856640 71
856641 100
856642 19
856643 1
856644 102
856645 3
856647 35
856649 78
856650 88
856651 61
856652 25
856653 103
856656 64
856657 5
856658 114
856659 115
856660 87
856661 118
856662 1
856663 110
856665 1
856666 42
856667 51
856668 61
856669 124
856670 1
856671 5
856672 1
856673 18
856674 126
856678 127
856679 78
856680 15
856681 129
856682 129
856684 84
856685 29
856686 135
856687 104
856688 40
856690 5
856691 71
856692 1
856693 78
856696 1
856697 81
856698 20
856699 0
856700 1
856701 1
856702 139
856703 26
856704 21
856705 82
856706 142
856707 1
856708 63
856709 1
856710 3
856711 44
856712 132
856713 107
856714 133
856715 42
856716 79
856717 32
856719 149
856720 87
856722 24
856725 150
856726 1
856727 3
856728 152
856729 152
856730 50
856731 131
856732 153
856733 78
856734 1
856736 15
856737 61
856738 155
856739 8
856740 93
856741 128
856742 128
856743 128
856744 54
856747 33
856748 160
856749 1
856750 86
856751 17
856752 25
856754 128
856755 162
856756 108
856757 262
856758 78
856759 15
856760 160
856761 265
856764 33
856765 5
856766 9
856767 44
856768 1
856770 1
856771 1
856773 43
856774 15
856775 1
856777 97
856778 8
856779 118
856780 17
856781 166
856782 1
856783 93
856784 167
856785 93
856786 168
856787 9
856788 1
856789 244
856790 168
856794 169
856796 15
856797 5
856798 98
856799 118
856800 144
856801 110
856802 4
856803 111
856804 156
856805 156
856806 6
856807 173
856808 12
856809 174
856811 1
856812 22
856813 83
856814 165
856815 119
856816 15
856817 25
856819 71
856820 7
856823 128
856824 176
856825 12
856826 245
856827 76
856828 33
856829 1
856830 1
856831 91
856832 140
856833 33
856834 80
856836 118
856837 108
856839 21
856840 5
856841 9
856842 118
856843 1
856844 1
856845 1
856846 62
856848 9
856851 166
856852 90
856855 60
856856 160
856857 3
856858 51
856859 48
856861 1
856863 5
856869 181
856870 62
856871 181
856872 116
856874 57
856875 55
856876 24
856878 1
856880 43
856881 172
856882 172
856884 140
856885 93
856886 126
856887 25
856889 115
856890 25
856892 4
856893 25
856894 184
856896 76
856897 44
856900 34
856901 185
856902 6
856903 12
856904 133
856905 83
856906 32
856907 31
856908 35
856909 146
856910 45
856911 169
856912 60
856914 30
856916 26
856917 1
856918 27
856919 67
856920 154
856921 104
856922 23
856925 5
856926 187
856927 5
856930 21
856931 188
856932 19
856933 21
856934 263
856935 190
856936 161
856938 36
856939 138
856940 22
856941 132
856942 1
856944 109
856945 48
856946 137
856949 105
856950 63
856951 12
856952 15
856954 51
856955 25
856956 1
856957 172
856959 79
856960 44
856961 0
856962 0
856963 0
856965 265
856966 42
856967 138
856969 0
856970 67
856971 178
856972 192
856973 110
856974 21
856975 17
856976 76
856978 96
856979 41
856981 143
856982 1
856983 21
856985 46
856986 19
856987 14
856988 50
856989 194
856992 6
856993 171
856994 80
856996 99
856998 6
856999 33
857000 0
857001 44
857003 1
857004 41
857005 67
857006 12
857007 70
857008 72
857009 15
857010 1
857011 21
857012 2
857013 15
857014 144
857018 0
857019 68
857020 197
857022 174
857024 182
857025 192
857026 25
857027 56
857029 1
857031 198
857032 42
857033 201
857035 202
857036 1
857037 32
857038 19
857041 84
857042 34
857043 5
857044 41
857045 205
857046 1
857047 184
857048 1
857050 189
857051 206
857052 1
857053 82
857054 15
857055 37
857057 146
857059 19
857060 5
857061 19
857062 133
857064 115
857069 40
857070 203
857071 118
857072 68
857073 121
857074 58
857075 30
857076 176
857077 97
857078 33
857079 44
857080 119
857081 5
857083 203
857084 12
857085 4
857086 87
857088 70
857090 21
857091 53
857092 129
857094 1
857095 12
857096 15
857097 118
857098 144
857099 179
857101 97
857102 170
857103 12
857104 161
857105 1
857106 70
857107 252
857108 88
857110 105
857113 165
857114 23
857115 17
857118 212
857119 213
857120 98
857121 10
857122 10
857127 32
857128 117
857129 1
857130 9
857131 81
857132 115
857133 110
857135 33
857136 162
857137 174
857138 1
857139 4
857141 87
857142 24
857144 133
857145 1
857146 1
857147 213
857149 7
857150 55
857151 216
857152 1
857155 253
857156 145
857157 107
857158 133
857159 169
857160 161
857161 5
857167 125
857168 125
857169 49
857170 4
857172 5
857173 4
857174 145
857175 151
857176 3
857177 111
857178 217
857179 8
857181 11
857182 1
857183 164
857184 188
857185 1
857187 112
857188 60
857191 32
857192 56
857193 17
857196 25
857197 1
857200 161
857201 1
857202 4
857203 32
857204 1
857205 177
857206 25
857208 61
857209 186
857210 62
857211 50
857212 4
857213 218
857215 148
857216 95
857217 219
857218 26
857219 34
857220 46
857221 138
857222 52
857223 124
857224 42
857226 119
857227 257
857228 257
857229 1
857230 220
857231 220
857233 254
857234 163
857235 77
857236 151
857237 156
857238 19
857239 19
857242 45
857244 33
857245 137
857247 134
857248 41
857251 6
857253 1
857254 24
857255 193
857257 17
857258 110
857259 194
857260 1
857261 135
857264 50
857266 156
857269 254
857270 78
857272 32
857273 32
857274 172
857275 1
857278 48
857279 1
857280 222
857281 51
857282 118
857283 11
857284 211
857285 127
857286 223
857287 29
857288 1
857289 141
857290 224
857291 177
857294 27
857295 95
857296 138
857297 121
857298 1
857299 39
857300 87
857302 127
857303 70
857304 32
857305 112
857309 78
857310 15
857311 97
857312 32
857313 61
857314 2
857316 192
857317 130
857318 32
857320 1
857321 130
857322 2
857323 120
857325 2
857326 5
857327 171
857328 130
857329 130
857330 130
857332 47
857333 198
857334 6
857335 2
857336 32
857337 46
857339 1
857340 9
857341 15
857343 205
857344 15
857345 67
857346 199
857347 1
857349 148
857350 226
857352 19
857354 118
857356 17
857357 26
857359 169
857360 60
857361 141
857365 27
857367 26
857368 39
857369 78
857370 46
857375 1
857376 57
857378 22
857379 41
857381 48
857383 6
857385 1
857386 1
857389 1
857391 141
857392 21
857395 93
857396 51
857397 89
857398 39
857399 258
857400 217
857402 227
857404 79
857405 48
857407 64
857409 209
857410 169
857411 3
857412 70
857413 258
857414 21
857415 1
857416 146
857417 99
857420 259
857421 149
857422 32
857423 42
857424 107
857426 131
857428 6
857429 115
857430 196
857431 26
857432 147
857433 55
857434 189
857435 186
857437 1
857438 129
857439 74
857440 15
857441 200
857442 4
857443 32
857444 100
857445 15
857446 33
857447 85
857448 154
857449 1
857451 10
857453 14
857454 158
857455 6
857456 64
857457 109
857458 177
857459 44
857460 62
857461 48
857462 1
857463 8
857464 15
857465 46
857468 221
857469 32
857470 138
857471 29
857472 86
857474 9
857475 6
857477 45
857479 72
857480 16
857481 12
857482 64
857487 1
857488 165
857489 1
857492 12
857493 155
857495 33
857496 61
857497 42
857498 15
857499 24
857500 54
857502 43
857505 46
857506 219
857507 25
857508 33
857509 1
857510 21
857511 181
857513 58
857514 42
857516 185
857517 134
857518 19
857519 1
857521 221
857523 22
857524 58
857526 61
857527 163
857528 114
857529 246
857530 228
857531 229
857532 229
857533 229
857535 130
857536 1
857537 58
857538 133
857539 225
857541 5
857544 15
857548 45
857549 253
857551 6
857552 63
857554 216
857555 5
857558 7
857559 268
857560 5
857561 173
857564 79
857565 40
857567 44
857571 15
857572 102
857575 204
857577 159
857579 48
857580 1
857581 92
857582 56
857583 120
857584 44
857585 215
857587 1
857588 89
857590 50
857593 164
857595 50
857598 42
857599 106
857600 51
857601 229
857602 163
857603 233
857604 245
857605 36
857606 167
857607 32
857608 229
857609 229
857610 247
857611 228
857612 246
857614 209
857615 234
857618 177
857619 86
857622 41
857623 130
857624 34
857626 70
857629 136
857630 126
857631 175
857632 45
857633 36
857634 30
857635 79
857637 140
857638 122
857639 225
857640 130
857641 130
857644 62
857646 4
857647 24
857649 8
857651 248
857652 17
857653 207
857655 1
857656 218
857658 8
857659 3
857660 78
857661 120
857662 15
857664 173
857665 141
857666 35
857667 209
857668 93
857669 230
857670 48
857671 123
857672 95
857673 3
857675 48
857676 64
857679 53
857680 48
857681 8
857682 38
857684 35
857685 111
857686 259
857687 39
857688 223
857689 183
857690 161
857692 12
857693 260
857694 135
857696 255
857698 244
857699 59
857701 10
857703 3
857704 19
857705 185
857706 24
857707 47
857708 190
857710 104
857711 41
857713 146
857714 48
857715 44
857716 81
857717 31
857718 234
857719 93
857722 22
857723 40
857724 236
857725 127
857726 10
857730 179
857731 115
857732 44
857734 65
857735 137
857736 96
857739 225
857740 225
857741 225
857742 23
857743 237
857744 237
857745 65
857746 3
857750 1
857751 48
857752 133
857754 111
857757 52
857758 5
857759 1
857760 40
857761 134
857763 22
857765 238
857768 73
857769 12
857770 21
857771 214
857773 20
857776 26
857777 42
857778 100
857780 12
857781 12
857782 163
857783 102
857784 67
857785 1
857786 26
857790 146
857791 64
857792 40
857796 28
857799 227
857800 247
857801 1
857803 44
857804 229
857805 247
857806 229
857807 229
857808 179
857809 228
857810 229
857811 229
857812 229
857813 246
857814 229
857816 1
857817 217
857822 211
857823 161
857824 35
857826 1
857828 1
857829 17
857830 210
857832 3
857834 21
857836 158
857837 19
857838 63
857839 24
857841 1
857842 104
857843 180
857845 1
857846 237
857847 213
857849 180
857850 191
857851 230
857852 76
857854 78
857856 249
857857 249
857858 204
857859 68
857861 80
857862 1
857863 46
857864 142
857865 218
857866 16
857867 18
857868 4
857870 261
857871 18
857873 180
857874 261
857875 1
857879 134
857880 18
857881 266
857882 47
857883 19
857885 1
857886 42
857888 193
857889 80
857893 200
857894 199
857895 169
857896 152
857897 239
857899 15
857900 61
857901 69
857902 1
857904 17
857905 17
857906 17
857907 232
857909 132
857911 35
857912 35
857913 1
857914 10
857915 33
857917 152
857918 122
857919 12
857920 195
857921 50
857922 25
857925 48
857926 238
857929 161
857930 41
857932 12
857934 264
857935 23
857937 22
857938 207
857939 41
857940 70
857941 1
857945 4
857947 100
857948 6
857949 151
857950 10
857951 66
857952 4
857954 76
857955 56
857958 255
857960 178
857961 3
857962 1
857963 118
857964 266
857966 1
857967 136
857968 143
857970 115
857971 115
857972 51
857973 32
857974 169
857976 138
857978 173
857979 3
857980 85
857981 241
857982 33
857983 91
857984 166
857985 187
857986 193
857989 113
857990 123
857991 170
857992 80
857994 32
857995 1
857996 231
858000 118
858001 134
858002 1
858003 1
858004 240
858005 240
858007 30
858010 72
858011 15
858012 77
858014 1
858015 1
858016 33
858017 15
858018 90
858022 95
858023 23
858024 26
858026 11
858027 236
858028 1
858029 32
858030 50
858033 242
858036 260
858037 161
858040 116
858041 181
858043 271
858045 27
858046 41
858047 76
858050 48
858052 33
858054 34
858055 8
858056 202
858057 242
858058 1
858059 24
858060 132
858063 118
858066 105
858068 73
858069 147
858071 189
858073 133
858076 157
858077 66
858078 201
858079 30
858080 157
858081 263
858082 146
858084 163
858085 101
858086 90
858087 161
858090 173
858091 1
858092 214
858093 69
858095 211
858096 161
858097 1
858098 1
858099 214
858100 29
858101 1
858103 9
858109 243
858111 75
858112 169
858113 151
858114 239
858115 25
858118 169
858119 99
858120 113
858121 118
858122 4
858123 88
858124 61
858129 67
858130 50
858131 86
858133 113
858136 56
858137 76
858138 101
858139 76
858141 60
858142 189
858143 6
858144 256
858146 132
858147 1
858149 61
858150 128
858152 118
858153 87
858155 33
858156 64
858158 131
858159 137
858160 85
858163 25
858164 114
858167 67
858169 237
858170 5
858172 233
858174 222
858175 9
858177 217
858178 115
858179 43
858182 157
858183 226
858184 84
858186 32
858187 12
858190 49
858191 104
858193 42
858195 63
858197 243
858198 1
858200 153
858203 139
858204 10
858207 15
858208 171
858209 80
858210 78
858211 262
858212 50
858213 97
858214 42
858216 62
858218 19
858221 1
858222 50
858223 174
858224 77
858226 30
858227 6
858228 42
858229 137
858230 232
858232 212
858234 6
858235 12
858236 76
858238 182
858243 32
858250 41
858251 111
858252 4
858254 23
858256 269
858259 241
858260 35
858261 140
858262 133
858263 23
858265 10
858266 85
858267 72
858268 3
858269 62
858271 252
858273 38
858274 52
858276 32
858279 111
858280 31
858281 10
858283 208
858284 208
858285 60
858286 77
858289 109
858290 224
858292 267
858294 67
858296 146
858299 41
858301 198
858304 67
858305 38
858309 191
858311 250
858315 84
858317 96
858318 183
858319 267
858320 206
858321 50
858322 91
858323 45
858324 48
858325 1
858326 6
858327 46
858329 256
858330 210
858331 97
858332 196
858333 106
858334 6
858335 250
858336 32
858337 32
858339 211
858340 103
858341 9
858342 187
858343 10
858345 1
858347 62
858349 231
858350 159
858353 127
858355 76
858356 92
858357 25
858358 1
858361 230
858362 196
858363 175
858364 70
858365 197
858366 10
858368 3
858369 32
858373 270
858374 150
858375 150
858377 268
858379 58
858381 269
858382 1
858383 13
858384 13
858385 140
858386 103
858387 235
858389 29
858391 1
858392 129
858393 48
858394 163
858395 56
858396 61
858397 29
858398 118
858399 271
858400 66
858401 248
858402 104
858404 170
858405 37
858406 19
858408 251
858410 19
858411 215
858412 130
858413 143
858415 251
858416 4
858417 90
858418 117
858419 9
858420 230
858425 13
858427 94
858428 13
858429 270
858430 264
858431 183
858433 48
858434 195
858437 94
858440 235
