856559 0
856560 10
856561 1
856562 23
856563 14
856564 32
856567 21
856570 34
856571 1
856572 43
856573 44
856574 1
856575 54
856577 9
856578 55
856579 9
856580 34
856581 1
856582 59
856583 35
856584 9
856585 2
856587 5
856589 56
856590 65
856591 66
856592 67
856594 7
856595 1
856596 62
856597 5
856600 3
856601 76
856602 77
856603 78
856604 79
856605 45
856607 5
856608 82
856609 83
856610 84
856612 56
856614 56
856615 85
856617 9
856618 1
856620 86
856621 1
856622 90
856623 1
856624 1
856625 9
856626 1
856627 9
856628 12
856629 4
856630 92
856631 123
856633 36
856634 28
856637 82
856638 9
856639 32
856640 247
856641 102
856642 14
856643 9
856644 104
856645 11
856647 1
856649 68
856650 1
856651 5
856652 33
856653 104
856656 7
856657 12
856658 1
856659 118
856660 120
856661 122
856662 9
856663 114
856665 5
856666 45
856667 56
856668 14
856669 127
856670 9
856671 73
856672 1
856673 26
856674 105
856678 128
856679 80
856680 1
856681 10
856682 10
856684 82
856685 36
856686 132
856687 106
856688 42
856690 11
856691 3
856692 9
856693 80
856696 9
856697 84
856698 27
856699 5
856700 9
856701 1
856702 136
856703 32
856704 28
856705 85
856706 44
856707 21
856708 68
856709 5
856710 11
856711 51
856712 47
856713 5
856714 64
856715 44
856716 82
856717 237
856719 146
856720 120
856722 13
856725 6
856726 9
856727 5
856728 148
856729 148
856730 57
856731 130
856732 149
856733 28
856734 9
856736 1
856737 14
856738 134
856739 10
856740 1
856741 154
856742 154
856743 154
856744 58
856747 1
856748 156
856749 12
856750 81
856751 24
856752 33
856754 1
856755 158
856756 111
856757 258
856758 108
856759 1
856760 156
856761 261
856764 1
856765 73
856766 13
856767 51
856768 9
856770 1
856771 9
856773 46
856774 1
856775 14
856777 99
856778 10
856779 55
856780 24
856781 161
856782 6
856783 153
856784 162
856785 153
856786 164
856787 13
856788 1
856789 238
856790 164
856794 140
856796 1
856797 6
856798 100
856799 122
856800 139
856801 114
856802 5
856803 165
856804 166
856805 10
856806 7
856807 169
856808 70
856809 170
856811 112
856812 29
856813 87
856814 172
856815 48
856816 1
856817 107
856819 247
856820 8
856823 154
856824 33
856825 17
856826 239
856827 119
856828 1
856829 62
856830 9
856831 93
856832 32
856833 1
856834 83
856836 122
856837 111
856839 22
856840 36
856841 13
856842 122
856843 9
856844 1
856845 9
856846 67
856848 13
856851 161
856852 92
856855 178
856856 156
856857 35
856858 56
856859 1
856861 9
856863 74
856869 36
856870 67
856871 180
856872 118
856874 61
856875 59
856876 30
856878 9
856880 46
856881 167
856882 167
856884 173
856885 163
856886 105
856887 33
856889 119
856890 33
856892 4
856893 33
856894 183
856896 168
856897 47
856900 1
856901 48
856902 69
856903 17
856904 64
856905 87
856906 39
856907 4
856908 1
856909 143
856910 44
856911 140
856912 146
856914 37
856916 32
856917 18
856918 34
856919 1
856920 150
856921 106
856922 5
856925 123
856926 186
856927 9
856930 30
856931 137
856932 14
856933 30
856934 259
856935 63
856936 157
856938 1
856939 135
856940 29
856941 47
856942 9
856944 5
856945 1
856946 119
856949 109
856950 68
856951 1
856952 1
856954 56
856955 33
856956 21
856957 167
856959 82
856960 51
856961 0
856962 0
856963 0
856965 261
856966 48
856967 135
856969 0
856970 1
856971 9
856972 190
856973 114
856974 30
856975 1
856976 168
856978 191
856979 17
856981 138
856982 9
856983 30
856985 49
856986 14
856987 19
856988 55
856989 193
856992 69
856993 124
856994 83
856996 101
856998 69
856999 1
857000 0
857001 51
857003 1
857004 17
857005 1
857006 10
857007 75
857008 3
857009 1
857010 1
857011 30
857012 2
857013 1
857014 139
857018 0
857019 40
857020 195
857022 170
857024 181
857025 190
857026 107
857027 60
857029 9
857031 196
857032 48
857033 198
857035 199
857036 9
857037 39
857038 14
857041 88
857042 1
857043 9
857044 43
857045 145
857046 5
857047 183
857048 18
857050 187
857051 79
857052 9
857053 85
857054 1
857055 1
857057 143
857059 14
857060 9
857061 14
857062 1
857064 119
857069 10
857070 200
857071 122
857072 40
857073 5
857074 63
857075 37
857076 33
857077 140
857078 1
857079 50
857080 48
857081 73
857083 200
857084 17
857085 4
857086 22
857088 17
857090 30
857091 5
857092 1
857094 20
857095 70
857096 1
857097 122
857098 139
857099 1
857101 87
857102 204
857103 17
857104 165
857105 9
857106 75
857107 248
857108 1
857110 109
857113 172
857114 20
857115 31
857118 205
857119 72
857120 100
857121 15
857122 15
857127 1
857128 121
857129 64
857130 5
857131 84
857132 119
857133 114
857135 1
857136 158
857137 170
857138 137
857139 4
857141 22
857142 30
857144 64
857145 9
857146 9
857147 72
857149 8
857150 59
857151 209
857152 210
857155 249
857156 141
857157 5
857158 64
857159 140
857160 165
857161 9
857167 5
857168 5
857169 54
857170 4
857172 12
857173 4
857174 141
857175 147
857176 66
857177 115
857178 211
857179 151
857181 16
857182 20
857183 1
857184 137
857185 10
857187 12
857188 178
857191 1
857192 90
857193 31
857196 33
857197 174
857200 165
857201 9
857202 4
857203 1
857204 9
857205 1
857206 33
857208 5
857209 184
857210 67
857211 55
857212 3
857213 42
857215 145
857216 98
857217 212
857218 32
857219 1
857220 86
857221 135
857222 240
857223 127
857224 44
857226 48
857227 253
857228 253
857229 9
857230 213
857231 213
857233 250
857234 208
857235 82
857236 147
857237 10
857238 214
857239 214
857242 44
857244 1
857245 119
857247 131
857248 43
857251 69
857253 9
857254 1
857255 192
857257 31
857258 114
857259 193
857260 5
857261 132
857264 55
857266 166
857269 250
857270 68
857272 40
857273 40
857274 167
857275 9
857278 1
857279 9
857280 215
857281 56
857282 122
857283 16
857284 204
857285 128
857286 217
857287 96
857288 21
857289 6
857290 219
857291 1
857294 34
857295 98
857296 135
857297 14
857298 210
857299 1
857300 37
857302 128
857303 75
857304 1
857305 12
857309 5
857310 1
857311 140
857312 1
857313 113
857314 2
857316 190
857317 129
857318 1
857320 22
857321 129
857322 2
857323 142
857325 2
857326 74
857327 124
857328 129
857329 129
857330 129
857332 52
857333 197
857334 69
857335 28
857336 40
857337 49
857339 9
857340 37
857341 1
857343 145
857344 1
857345 1
857346 196
857347 21
857349 145
857350 220
857352 14
857354 122
857356 31
857357 32
857359 140
857360 178
857361 218
857365 185
857367 32
857368 1
857369 108
857370 49
857375 9
857376 61
857378 29
857379 40
857381 1
857383 69
857385 9
857386 174
857389 201
857391 218
857392 30
857395 201
857396 56
857397 91
857398 1
857399 254
857400 211
857402 221
857404 82
857405 1
857407 7
857409 113
857410 140
857411 11
857412 17
857413 254
857414 30
857415 1
857416 143
857417 101
857420 255
857421 146
857422 1
857423 50
857424 5
857426 130
857428 10
857429 32
857430 32
857431 32
857432 144
857433 59
857434 52
857435 184
857437 9
857438 10
857439 77
857440 1
857441 172
857442 9
857443 40
857444 102
857445 1
857446 1
857447 89
857448 150
857449 9
857451 15
857453 19
857454 1
857455 10
857456 7
857457 5
857458 1
857459 45
857460 67
857461 1
857462 10
857463 151
857464 9
857465 86
857468 1
857469 1
857470 135
857471 96
857472 81
857474 81
857475 21
857477 139
857479 3
857480 25
857481 17
857482 7
857487 73
857488 99
857489 21
857492 17
857493 151
857495 1
857496 93
857497 45
857498 1
857499 30
857500 58
857502 46
857505 86
857506 212
857507 107
857508 1
857509 9
857510 30
857511 180
857513 125
857514 44
857516 48
857517 131
857518 14
857519 9
857521 1
857523 29
857524 63
857526 14
857527 208
857528 1
857529 241
857530 222
857531 223
857532 223
857533 223
857535 129
857536 175
857537 63
857538 64
857539 116
857541 9
857544 1
857548 44
857549 249
857551 10
857552 68
857554 209
857555 73
857558 8
857559 264
857560 159
857561 169
857564 82
857565 67
857567 51
857571 1
857572 105
857575 64
857577 155
857579 1
857580 112
857581 94
857582 90
857583 142
857584 51
857585 207
857587 13
857588 91
857590 55
857593 1
857595 57
857598 44
857599 110
857600 56
857601 223
857602 208
857603 224
857604 239
857605 188
857606 162
857607 39
857608 223
857609 223
857610 242
857611 222
857612 241
857614 113
857615 225
857618 1
857619 81
857622 40
857623 129
857624 226
857626 17
857629 134
857630 105
857631 112
857632 44
857633 188
857634 5
857635 82
857637 32
857638 14
857639 116
857640 129
857641 129
857644 67
857646 227
857647 1
857649 10
857651 243
857652 31
857653 202
857655 9
857656 42
857658 10
857659 66
857660 108
857661 45
857662 48
857664 169
857665 218
857666 1
857667 113
857668 163
857669 175
857670 1
857671 126
857672 98
857673 11
857675 1
857676 5
857679 5
857680 1
857681 10
857682 41
857684 1
857685 115
857686 255
857687 1
857688 217
857689 182
857690 157
857692 70
857693 256
857694 132
857696 251
857698 238
857699 65
857701 15
857703 66
857704 20
857705 48
857706 30
857707 52
857708 63
857710 133
857711 40
857713 143
857714 1
857715 51
857716 84
857717 38
857718 225
857719 95
857722 29
857723 171
857724 229
857725 128
857726 15
857730 176
857731 109
857732 51
857734 71
857735 119
857736 191
857739 116
857740 116
857741 116
857742 64
857743 230
857744 230
857745 71
857746 11
857750 9
857751 1
857752 208
857754 115
857757 55
857758 6
857759 14
857760 171
857761 131
857763 29
857765 231
857768 76
857769 72
857770 30
857771 206
857773 27
857776 32
857777 53
857778 102
857780 17
857781 17
857782 208
857783 104
857784 1
857785 9
857786 32
857790 143
857791 95
857792 42
857796 35
857799 221
857800 242
857801 9
857803 51
857804 223
857805 242
857806 223
857807 223
857808 176
857809 222
857810 223
857811 223
857812 223
857813 241
857814 223
857816 20
857817 211
857822 216
857823 157
857824 1
857826 9
857828 9
857829 24
857830 20
857832 66
857834 30
857836 1
857837 14
857838 68
857839 30
857841 18
857842 106
857843 177
857845 9
857846 230
857847 72
857849 177
857850 189
857851 175
857852 79
857854 17
857856 244
857857 244
857858 64
857859 25
857861 83
857862 21
857863 87
857864 44
857865 42
857866 23
857867 26
857868 4
857870 257
857871 115
857873 177
857874 257
857875 21
857879 131
857880 26
857881 262
857882 47
857883 32
857885 210
857886 53
857888 45
857889 83
857893 48
857894 196
857895 140
857896 148
857897 232
857899 1
857900 93
857901 5
857902 5
857904 31
857905 31
857906 31
857907 160
857909 47
857911 1
857912 1
857913 9
857914 15
857915 1
857917 45
857918 125
857919 10
857920 194
857921 55
857922 33
857925 1
857926 231
857929 165
857930 43
857932 10
857934 260
857935 20
857937 29
857938 202
857939 43
857940 75
857941 9
857945 4
857947 102
857948 69
857949 147
857950 15
857951 28
857952 4
857954 168
857955 90
857958 251
857960 9
857961 11
857962 137
857963 122
857964 262
857966 9
857967 134
857968 138
857970 119
857971 119
857972 56
857973 40
857974 140
857976 9
857978 169
857979 66
857980 89
857981 234
857982 1
857983 93
857984 133
857985 186
857986 192
857989 117
857990 126
857991 129
857992 83
857994 1
857995 210
857996 207
858000 122
858001 131
858002 9
858003 21
858004 233
858005 233
858007 179
858010 3
858011 1
858012 45
858014 20
858015 18
858016 1
858017 1
858018 92
858022 98
858023 5
858024 32
858026 16
858027 229
858028 1
858029 1
858030 55
858033 235
858036 256
858037 157
858040 118
858041 180
858043 267
858045 185
858046 17
858047 119
858050 1
858052 1
858054 226
858055 151
858056 199
858057 235
858058 9
858059 30
858060 47
858063 122
858066 109
858068 76
858069 144
858071 187
858073 64
858076 152
858077 1
858078 198
858079 179
858080 152
858081 259
858082 143
858084 111
858085 103
858086 92
858087 157
858090 169
858091 21
858092 206
858093 5
858095 216
858096 157
858097 5
858098 124
858099 206
858100 36
858101 9
858103 13
858109 236
858111 78
858112 51
858113 147
858114 232
858115 33
858118 140
858119 101
858120 117
858121 122
858122 4
858123 109
858124 14
858129 1
858130 55
858131 81
858133 117
858136 60
858137 119
858138 103
858139 119
858141 178
858142 187
858143 10
858144 252
858146 47
858147 1
858149 93
858150 1
858152 122
858153 22
858155 1
858156 7
858158 130
858159 119
858160 89
858163 33
858164 1
858167 1
858169 230
858170 159
858172 224
858174 215
858175 13
858177 211
858178 119
858179 46
858182 152
858183 220
858184 82
858186 1
858187 17
858190 54
858191 133
858193 44
858195 68
858197 236
858198 9
858200 149
858203 136
858204 15
858207 1
858208 124
858209 83
858210 80
858211 258
858212 55
858213 99
858214 44
858216 67
858218 14
858221 18
858222 57
858223 170
858224 82
858226 37
858227 7
858228 50
858229 119
858230 160
858232 205
858234 7
858235 83
858236 168
858238 181
858243 237
858250 43
858251 115
858252 227
858254 5
858256 265
858259 234
858260 1
858261 32
858262 64
858263 5
858265 15
858266 89
858267 3
858268 3
858269 67
858271 248
858273 41
858274 240
858276 1
858279 115
858280 38
858281 15
858283 203
858284 203
858285 65
858286 45
858289 5
858290 219
858292 263
858294 1
858296 143
858299 43
858301 197
858304 1
858305 41
858309 189
858311 245
858315 88
858317 28
858318 182
858319 263
858320 5
858321 55
858322 93
858323 160
858324 1
858325 9
858326 10
858327 86
858329 252
858330 20
858331 99
858332 30
858333 110
858334 69
858335 245
858336 40
858337 40
858339 204
858340 17
858341 5
858342 186
858343 15
858345 9
858347 67
858349 207
858350 155
858353 128
858355 119
858356 94
858357 33
858358 5
858361 175
858362 30
858363 112
858364 75
858365 195
858366 15
858368 11
858369 1
858373 266
858374 6
858375 6
858377 264
858379 63
858381 265
858382 79
858383 10
858384 10
858385 173
858386 116
858387 228
858389 36
858391 21
858392 10
858393 1
858394 111
858395 59
858396 7
858397 36
858398 122
858399 267
858400 1
858401 243
858402 106
858404 204
858405 1
858406 14
858408 246
858410 14
858411 207
858412 129
858413 138
858415 246
858416 4
858417 92
858418 121
858419 13
858420 175
858425 10
858427 97
858428 10
858429 266
858430 260
858431 182
858433 1
858434 194
858437 97
858440 228
